23/07/2022 2503  03 14 16 38 43 45
20/07/2022 2502  16 20 21 39 44 55
16/07/2022 2501  11 27 32 40 58 59
13/07/2022 2500  05 16 25 32 39 55
09/07/2022 2499  11 19 38 47 56 59
06/07/2022 2498  09 12 26 29 46 47
02/07/2022 2497  05 14 23 46 48 52
30/06/2022 2496  07 26 31 38 46 58
28/06/2022 2495  08 12 14 30 33 41
25/06/2022 2494  01 04 10 22 53 54
22/06/2022 2493  04 09 37 43 44 56
18/06/2022 2492  10 30 31 33 42 52
15/06/2022 2491  22 29 38 43 48 53
11/06/2022 2490  11 16 17 41 46 59
08/06/2022 2489  03 10 13 25 41 42
04/06/2022 2488  17 31 34 40 56 57
02/06/2022 2487  23 36 42 48 54 58
31/05/2022 2486  08 09 17 19 33 56
28/05/2022 2485  05 12 32 38 47 60
25/05/2022 2484  11 14 36 41 54 59
21/05/2022 2483  20 34 38 40 49 54
18/05/2022 2482  01 32 35 44 45 57
14/05/2022 2481  01 08 21 27 36 37
11/05/2022 2480  04 06 09 31 50 56
07/05/2022 2479  10 15 17 20 21 35
04/05/2022 2478  02 17 23 28 39 46
30/04/2022 2477  20 33 37 38 49 50
28/04/2022 2476  02 07 32 46 49 55
26/04/2022 2475  01 40 44 45 58 60
23/04/2022 2474  22 30 38 39 49 56
20/04/2022 2473  15 18 28 42 55 60
16/04/2022 2472  05 13 18 23 35 36
13/04/2022 2471  08 23 29 30 36 55
09/04/2022 2470  08 33 40 42 48 51
06/04/2022 2469  05 28 30 38 52 55
02/04/2022 2468  22 35 41 42 53 57
30/03/2022 2467  01 10 19 34 35 45
26/03/2022 2466  02 03 13 20 53 54
23/03/2022 2465  03 08 23 29 53 54
19/03/2022 2464  02 07 24 43 52 56
16/03/2022 2463  11 16 31 37 42 51
12/03/2022 2462  03 16 23 41 45 57
09/03/2022 2461  08 11 16 21 32 37
05/03/2022 2460  16 17 18 28 35 47
03/03/2022 2459  15 24 33 49 53 59
26/02/2022 2458  15 40 44 45 47 51
24/02/2022 2457  10 19 46 47 49 50
22/02/2022 2456  28 34 40 41 52 55
19/02/2022 2455  21 38 50 53 56 59
16/02/2022 2454  09 14 22 24 44 47
12/02/2022 2453  10 14 15 24 34 44
09/02/2022 2452  08 10 51 56 57 58
05/02/2022 2451  13 26 31 46 51 60
02/02/2022 2450  02 06 11 15 17 39
29/01/2022 2449  14 20 21 31 49 52
27/01/2022 2448  18 30 32 35 40 48
25/01/2022 2447  13 19 29 42 49 52
22/01/2022 2446  01 13 27 41 51 58
19/01/2022 2445  11 25 32 37 47 56
15/01/2022 2444  15 17 20 35 37 43
12/01/2022 2443  01 05 12 13 17 31
08/01/2022 2442  02 07 09 25 41 49
05/01/2022 2441  09 41 42 46 47 54
31/12/2021 2440  12 15 23 32 33 46
18/12/2021 2439  02 08 34 38 47 51
15/12/2021 2438  04 11 19 25 37 55
11/12/2021 2437  01 19 41 46 48 55
09/12/2021 2436  05 15 28 32 38 54
07/12/2021 2435  05 22 30 32 33 36
04/12/2021 2434  01 02 14 28 40 51
01/12/2021 2433  08 09 32 52 53 57
27/11/2021 2432  07 29 38 40 44 52
24/11/2021 2431  08 11 22 25 26 36
20/11/2021 2430  19 26 39 45 46 56
17/11/2021 2429  11 37 53 55 56 60
13/11/2021 2428  03 09 25 28 29 39
10/11/2021 2427  03 19 25 37 44 56
06/11/2021 2426  05 11 24 27 32 57
03/11/2021 2425  10 31 38 46 49 54
30/10/2021 2424  03 16 17 37 38 53
27/10/2021 2423  16 18 38 48 51 60
23/10/2021 2422  02 07 10 20 30 46
21/10/2021 2421  02 03 32 35 48 57
19/10/2021 2420  05 08 29 39 44 60
16/10/2021 2419  10 35 43 48 50 53
13/10/2021 2418  02 11 19 27 57 60
09/10/2021 2417  03 07 10 11 27 46
06/10/2021 2416  06 07 11 26 37 57
02/10/2021 2415  10 12 26 29 35 60
30/09/2021 2414  04 05 06 14 29 38
28/09/2021 2413  03 22 37 40 41 48
25/09/2021 2412  09 16 34 36 49 60
22/09/2021 2411  07 26 29 34 43 44
18/09/2021 2410  07 10 27 35 43 59
15/09/2021 2409  02 29 39 49 52 58
11/09/2021 2408  04 29 30 38 43 57
08/09/2021 2407  13 17 31 43 54 55
04/09/2021 2406  08 12 29 43 54 60
01/09/2021 2405  21 38 48 49 53 59
28/08/2021 2404  01 19 35 40 47 54
25/08/2021 2403  10 12 14 32 33 34
21/08/2021 2402  06 22 25 29 30 60
18/08/2021 2401  08 11 13 33 38 48
14/08/2021 2400  09 21 25 26 36 53
12/08/2021 2399  27 35 42 44 51 52
10/08/2021 2398  08 17 30 36 54 59
07/08/2021 2397  06 14 20 39 46 48
04/08/2021 2396  02 03 25 39 42 49
31/07/2021 2395  04 11 12 44 45 57
28/07/2021 2394  05 16 25 36 42 44
24/07/2021 2393  26 27 28 32 38 51
21/07/2021 2392  11 15 23 25 34 53
17/07/2021 2391  05 08 13 27 36 50
14/07/2021 2390  09 13 20 22 32 56
10/07/2021 2389  16 30 37 39 40 51
07/07/2021 2388  08 30 33 37 45 48
03/07/2021 2387  08 26 30 31 38 48
01/07/2021 2386  11 13 16 35 49 50
29/06/2021 2385  12 24 32 37 43 60
26/06/2021 2384  09 13 22 25 26 31
23/06/2021 2383  13 15 16 20 40 41
19/06/2021 2382  06 09 19 38 53 55
16/06/2021 2381  07 23 32 41 42 47
12/06/2021 2380  11 16 20 24 39 53
09/06/2021 2379  02 08 26 32 46 56
05/06/2021 2378  11 37 38 41 49 54
02/06/2021 2377  05 18 29 35 43 44
29/05/2021 2376  12 14 17 18 19 22
26/05/2021 2375  02 06 44 46 53 58
22/05/2021 2374  12 13 25 37 39 41
19/05/2021 2373  23 24 26 44 49 60
15/05/2021 2372  03 19 25 44 46 57
12/05/2021 2371  04 15 30 36 39 48
08/05/2021 2370  07 31 37 42 44 56
06/05/2021 2369  04 09 17 19 37 60
04/05/2021 2368  04 07 13 25 36 58
30/04/2021 2367  05 23 29 34 53 60
28/04/2021 2366  04 27 33 35 38 41
24/04/2021 2365  01 17 28 37 44 50
22/04/2021 2364  20 33 42 44 51 56
17/04/2021 2363  06 14 24 34 39 58
14/04/2021 2362  03 20 22 32 35 50
10/04/2021 2361  14 21 22 29 35 46
08/04/2021 2360  10 15 21 24 29 45
06/04/2021 2359  31 32 39 42 43 51
03/04/2021 2358  05 09 11 16 43 57
31/03/2021 2357  19 28 30 34 40 51
27/03/2021 2356  03 10 25 36 51 58
24/03/2021 2355  07 30 31 41 50 56
20/03/2021 2354  06 18 25 30 42 54
17/03/2021 2353  03 19 34 41 48 53
13/03/2021 2352  09 17 38 41 49 55
10/03/2021 2351  19 22 35 41 47 49
06/03/2021 2350  25 28 29 34 41 45
03/03/2021 2349  05 10 25 32 49 54
27/02/2021 2348  02 03 07 48 51 54
24/02/2021 2347  08 09 17 30 58 60
20/02/2021 2346  03 04 11 40 42 58
17/02/2021 2345  07 16 19 22 28 55
13/02/2021 2344  11 17 25 38 52 57
10/02/2021 2343  04 31 42 45 49 56
06/02/2021 2342  17 20 24 27 40 60
03/02/2021 2341  04 09 31 32 42 46
30/01/2021 2340  16 21 28 41 49 51
28/01/2021 2339  04 18 29 47 48 59
26/01/2021 2338  08 21 23 34 42 47
23/01/2021 2337  02 09 34 49 51 55
20/01/2021 2336  08 10 20 27 28 50
16/01/2021 2335  09 18 23 42 47 49
13/01/2021 2334  04 13 20 22 25 60
09/01/2021 2333  09 16 31 41 53 55
06/01/2021 2332  12 33 35 36 44 52
02/01/2021 2331  11 13 16 36 53 57
31/12/2020 2330  17 20 22 35 41 42
19/12/2020 2329  12 14 28 42 45 55
16/12/2020 2328  08 11 14 39 48 53
12/12/2020 2327  30 37 45 54 57 58
10/12/2020 2326  10 16 27 34 36 57
08/12/2020 2325  33 34 37 46 52 60
05/12/2020 2324  02 16 19 31 43 60
02/12/2020 2323  20 27 35 39 50 59
28/11/2020 2322  02 05 10 29 34 41
25/11/2020 2321  14 25 28 41 43 46
21/11/2020 2320  06 30 35 39 42 48
18/11/2020 2319  06 17 25 35 40 49
14/11/2020 2318  28 44 52 54 58 60
11/11/2020 2317  03 08 30 33 35 48
07/11/2020 2316  02 11 43 49 52 56
04/11/2020 2315  01 10 17 26 30 53
31/10/2020 2314  06 07 28 42 45 49
28/10/2020 2313  03 20 26 45 49 58
24/10/2020 2312  03 27 39 46 47 60
22/10/2020 2311  03 05 09 35 43 60
20/10/2020 2310  13 17 28 29 42 53
17/10/2020 2309  09 11 29 30 33 60
14/10/2020 2308  09 13 26 38 58 60
10/10/2020 2307  16 33 38 46 53 55
07/10/2020 2306  03 19 28 33 57 58
03/10/2020 2305  07 16 22 38 55 57
30/09/2020 2304  12 21 29 54 56 57
26/09/2020 2303  03 07 17 20 48 50
23/09/2020 2302  18 22 25 27 43 44
19/09/2020 2301  17 18 35 36 47 52
17/09/2020 2300  09 21 37 39 43 54
15/09/2020 2299  02 03 19 40 44 60
12/09/2020 2298  13 17 21 31 41 49
09/09/2020 2297  20 22 35 40 41 59
05/09/2020 2296  01 06 21 29 36 59
02/09/2020 2295  06 13 26 28 35 41
29/08/2020 2294  09 15 20 33 41 43
26/08/2020 2293  01 02 10 37 42 48
22/08/2020 2292  06 16 18 33 42 57
19/08/2020 2291  12 26 31 36 37 49
15/08/2020 2290  05 18 36 44 57 60
13/08/2020 2289  06 09 34 37 38 45
11/08/2020 2288  02 26 35 39 40 56
08/08/2020 2287  02 04 06 29 41 56
05/08/2020 2286  09 21 30 41 42 43
01/08/2020 2285  01 07 10 12 33 42
29/07/2020 2284  04 10 12 14 36 46
25/07/2020 2283  04 24 37 43 59 60
22/07/2020 2282  12 27 30 36 45 52
18/07/2020 2281  14 27 35 40 50 55
16/07/2020 2280  28 29 31 50 58 59
14/07/2020 2279  05 12 14 20 27 28
11/07/2020 2278  08 17 34 37 43 45
08/07/2020 2277  10 22 23 37 53 60
04/07/2020 2276  05 15 18 27 49 57
01/07/2020 2275  02 04 25 36 50 53
27/06/2020 2274  08 11 17 33 40 55
24/06/2020 2273  15 16 20 38 40 58
20/06/2020 2272  02 05 11 24 41 49
17/06/2020 2271  06 10 27 28 41 52
13/06/2020 2270  14 16 38 39 41 48
10/06/2020 2269  01 11 14 23 29 55
06/06/2020 2268  04 13 23 28 30 52
03/06/2020 2267  20 32 33 48 49 53
30/05/2020 2266  10 23 31 37 58 59
27/05/2020 2265  14 20 23 39 46 50
23/05/2020 2264  02 03 08 19 29 37
20/05/2020 2263  09 24 33 43 49 57
16/05/2020 2262  07 08 14 23 30 46
13/05/2020 2261  07 23 26 27 29 51
09/05/2020 2260  12 14 34 35 37 47
07/05/2020 2259  20 27 41 54 56 58
05/05/2020 2258  01 05 07 14 23 26
02/05/2020 2257  18 21 30 31 34 51
29/04/2020 2256  09 10 30 37 47 54
25/04/2020 2255  15 20 39 41 49 57
22/04/2020 2254  04 09 24 44 47 56
18/04/2020 2253  31 32 33 39 52 55
15/04/2020 2252  01 17 30 37 46 50
11/04/2020 2251  05 15 22 26 54 58
08/04/2020 2250  27 33 39 52 57 58
04/04/2020 2249  04 09 31 47 49 53
01/04/2020 2248  09 15 20 29 30 42
28/03/2020 2247  01 42 44 47 48 53
25/03/2020 2246  05 09 24 27 33 46
21/03/2020 2245  11 14 15 18 33 34
18/03/2020 2244  03 05 11 34 37 42
14/03/2020 2243  14 18 28 35 38 54
12/03/2020 2242  05 09 18 24 25 42
10/03/2020 2241  01 13 18 26 40 56
07/03/2020 2240  07 09 10 19 25 58
04/03/2020 2239  07 27 31 39 45 46
29/02/2020 2238  11 36 45 55 57 58
27/02/2020 2237  11 20 27 28 53 60
22/02/2020 2236  07 20 38 43 45 53
19/02/2020 2235  14 18 30 35 55 57
15/02/2020 2234  04 21 27 29 42 47
12/02/2020 2233  04 06 32 35 41 45
08/02/2020 2232  07 08 31 34 38 47
05/02/2020 2231  04 13 25 40 53 57
01/02/2020 2230  07 17 26 39 56 60
29/01/2020 2229  06 11 29 40 41 58
25/01/2020 2228  09 19 23 32 39 45
23/01/2020 2227  06 09 12 27 32 57
21/01/2020 2226  02 04 07 16 30 38
18/01/2020 2225  01 32 37 44 46 47
15/01/2020 2224  16 23 32 50 52 58
11/01/2020 2223  02 26 40 42 49 56
08/01/2020 2222  13 14 29 30 48 59
04/01/2020 2221  05 23 34 45 56 57
31/12/2019 2220  03 35 38 40 57 58
21/12/2019 2219  08 28 36 45 57 59
19/12/2019 2218  06 16 22 38 48 52
17/12/2019 2217  10 14 16 30 32 36
14/12/2019 2216  10 24 42 43 48 49
11/12/2019 2215  01 19 21 23 33 43
07/12/2019 2214  04 10 18 30 34 47
04/12/2019 2213  05 07 10 32 46 60
30/11/2019 2212  23 26 51 52 53 58
27/11/2019 2211  27 36 40 41 44 54
23/11/2019 2210  11 17 24 25 33 34
20/11/2019 2209  22 25 28 32 33 47
16/11/2019 2208  16 25 30 40 45 49
13/11/2019 2207  06 10 11 43 53 55
09/11/2019 2206  06 27 38 42 45 57
06/11/2019 2205  12 21 28 37 42 57
04/11/2019 2204  01 28 29 32 35 56
30/10/2019 2203  17 34 46 49 50 57
26/10/2019 2202  11 29 37 38 43 60
24/10/2019 2201  03 13 23 41 49 53
22/10/2019 2200  11 15 28 36 43 55
19/10/2019 2199  15 23 30 35 38 44
16/10/2019 2198  01 11 34 36 44 56
14/10/2019 2197  03 11 29 35 44 57
09/10/2019 2196  01 25 27 28 41 56
05/10/2019 2195  14 24 32 38 46 53
02/10/2019 2194  08 16 20 21 31 34
28/09/2019 2193  07 08 22 27 29 42
26/09/2019 2192  07 16 37 53 57 59
24/09/2019 2191  04 08 26 33 46 53
21/09/2019 2190  05 09 20 25 35 53
18/09/2019 2189  04 11 16 22 29 33
14/09/2019 2188  02 17 21 28 51 60
11/09/2019 2187  10 11 16 21 46 50
09/09/2019 2186  12 18 19 27 41 46
04/09/2019 2185  09 18 19 22 42 47
31/08/2019 2184  15 36 45 51 52 59
28/08/2019 2183  13 26 30 34 43 51
24/08/2019 2182  19 22 39 46 47 59
21/08/2019 2181  01 08 19 33 36 48
17/08/2019 2180  10 12 16 21 28 38
14/08/2019 2179  02 13 24 35 50 54
10/08/2019 2178  02 16 21 42 50 56
08/08/2019 2177  09 11 14 31 48 51
06/08/2019 2176  08 23 25 39 43 44
03/08/2019 2175  07 25 32 43 53 55
31/07/2019 2174  10 15 34 36 56 60
27/07/2019 2173  02 09 42 44 48 50
24/07/2019 2172  09 24 28 37 43 57
20/07/2019 2171  12 13 19 36 44 55
17/07/2019 2170  10 21 24 36 38 51
13/07/2019 2169  07 34 45 51 54 59
11/07/2019 2168  01 04 25 27 29 37
09/07/2019 2167  27 37 38 43 45 54
06/07/2019 2166  03 19 34 44 56 58
03/07/2019 2165  05 37 43 49 54 56
29/06/2019 2164  16 17 25 47 48 58
26/06/2019 2163  08 18 20 24 36 45
22/06/2019 2162  11 16 22 30 34 42
19/06/2019 2161  08 09 10 24 42 44
15/06/2019 2160  01 19 46 47 49 53
12/06/2019 2159  14 26 35 38 45 53
08/06/2019 2158  09 27 35 45 46 59
05/06/2019 2157  31 33 34 35 39 48
01/06/2019 2156  01 06 23 26 39 49
29/05/2019 2155  02 06 27 37 44 47
25/05/2019 2154  07 25 41 47 50 53
22/05/2019 2153  08 13 28 31 32 33
18/05/2019 2152  26 29 36 49 50 59
15/05/2019 2151  02 14 18 29 36 38
11/05/2019 2150  23 24 26 38 42 49
08/05/2019 2149  21 23 37 44 46 48
04/05/2019 2148  08 15 32 33 58 59
02/05/2019 2147  17 19 37 41 42 49
27/04/2019 2146  16 18 31 39 42 44
24/04/2019 2145  06 08 28 51 53 59
20/04/2019 2144  07 16 21 33 55 60
17/04/2019 2143  02 12 35 51 57 58
13/04/2019 2142  07 40 44 50 52 57
10/04/2019 2141  10 11 17 19 37 41
06/04/2019 2140  17 20 26 36 42 54
03/04/2019 2139  14 23 29 41 57 58
30/03/2019 2138  04 13 14 21 30 34
27/03/2019 2137  01 02 11 12 34 49
23/03/2019 2136  01 08 11 22 30 35
20/03/2019 2135  09 23 28 40 48 59
16/03/2019 2134  06 21 34 46 54 59
13/03/2019 2133  19 20 26 51 52 57
09/03/2019 2132  05 18 30 35 39 60
06/03/2019 2131  02 03 06 18 20 28
02/03/2019 2130  13 16 36 53 54 55
28/02/2019 2129  06 12 31 32 46 60
26/02/2019 2128  11 16 24 46 54 55
23/02/2019 2127  01 07 28 30 44 46
20/02/2019 2126  07 12 24 27 39 58
16/02/2019 2125  01 31 44 46 53 58
13/02/2019 2124  02 11 20 31 43 47
09/02/2019 2123  14 15 47 50 56 59
06/02/2019 2122  03 11 15 21 27 49
02/02/2019 2121  08 10 17 29 37 40
30/01/2019 2120  13 20 24 25 38 41
26/01/2019 2119  19 21 26 31 42 49
23/01/2019 2118  11 12 20 40 41 46
19/01/2019 2117  04 28 29 30 43 52
17/01/2019 2116  01 09 19 21 34 54
15/01/2019 2115  04 19 27 35 40 44
12/01/2019 2114  17 25 30 35 42 57
09/01/2019 2113  11 14 21 25 46 50
05/01/2019 2112  17 39 43 46 52 53
02/01/2019 2111  01 41 44 46 54 58
31/12/2018 2110  05 10 12 18 25 33
20/12/2018 2109  04 12 16 34 44 49
18/12/2018 2108  19 22 29 41 44 59
15/12/2018 2107  08 38 44 50 56 60
12/12/2018 2106  03 27 36 39 40 43
08/12/2018 2105  11 13 16 24 31 46
06/12/2018 2104  02 10 12 27 45 56
04/12/2018 2103  03 13 40 44 46 50
01/12/2018 2102  04 06 17 34 51 57
28/11/2018 2101  02 08 18 37 56 58
24/11/2018 2100  01 10 11 13 35 49
21/11/2018 2099  05 15 20 27 30 58
17/11/2018 2098  02 08 18 27 38 60
14/11/2018 2097  09 24 28 45 49 51
10/11/2018 2096  06 11 13 19 24 51
07/11/2018 2095  16 29 35 43 49 56
03/11/2018 2094  04 16 19 31 33 44
31/10/2018 2093  08 14 27 34 52 54
27/10/2018 2092  11 13 15 17 22 27
25/10/2018 2091  10 11 12 37 38 59
23/10/2018 2090  08 11 18 37 40 51
20/10/2018 2089  05 10 32 38 48 49
17/10/2018 2088  03 14 24 27 38 56
13/10/2018 2087  02 18 19 23 34 53
10/10/2018 2086  04 35 43 46 47 53
06/10/2018 2085  12 21 25 37 38 49
03/10/2018 2084  07 20 26 37 38 39
29/09/2018 2083  01 18 19 33 56 60
26/09/2018 2082  06 25 33 42 48 49
22/09/2018 2081  13 18 35 40 41 42
20/09/2018 2080  10 22 40 46 55 58
18/09/2018 2079  01 02 14 37 55 58
15/09/2018 2078  02 11 15 30 36 39
12/09/2018 2077  13 16 26 35 37 39
08/09/2018 2076  05 06 12 15 22 43
05/09/2018 2075  07 09 23 33 57 59
01/09/2018 2074  08 18 23 37 42 58
29/08/2018 2073  12 15 18 30 52 55
25/08/2018 2072  10 12 13 20 22 54
22/08/2018 2071  24 33 34 35 46 60
18/08/2018 2070  05 26 27 34 42 48
16/08/2018 2069  03 17 34 35 40 48
14/08/2018 2068  03 05 09 40 42 47
11/08/2018 2067  02 11 13 26 32 59
08/08/2018 2066  06 25 27 35 45 55
04/08/2018 2065  04 11 20 30 37 43
01/08/2018 2064  10 14 36 53 55 60
28/07/2018 2063  06 10 19 24 25 29
25/07/2018 2062  08 10 15 23 25 34
21/07/2018 2061  33 36 40 44 45 54
18/07/2018 2060  08 09 11 25 39 41
14/07/2018 2059  04 05 36 40 44 56
11/07/2018 2058  04 19 23 29 56 59
07/07/2018 2057  10 13 20 37 38 54
05/07/2018 2056  18 22 29 34 36 47
03/07/2018 2055  06 25 35 43 46 53
30/06/2018 2054  04 07 12 22 26 39
27/06/2018 2053  12 22 27 37 40 55
23/06/2018 2052  50 51 56 57 58 59
20/06/2018 2051  01 05 06 37 44 53
16/06/2018 2050  08 31 32 33 38 50
13/06/2018 2049  10 19 27 31 51 53
09/06/2018 2048  10 19 26 35 38 39
06/06/2018 2047  01 18 19 29 44 54
02/06/2018 2046  03 06 11 27 28 46
30/05/2018 2045  15 25 27 45 46 50
26/05/2018 2044  07 14 47 54 56 60
23/05/2018 2043  21 38 53 56 57 58
19/05/2018 2042  14 22 29 32 33 35
16/05/2018 2041  10 12 22 25 42 54
12/05/2018 2040  06 09 41 54 56 58
10/05/2018 2039  06 12 22 28 31 44
08/05/2018 2038  06 25 26 35 38 40
05/05/2018 2037  14 16 23 30 45 60
02/05/2018 2036  07 08 19 23 27 58
28/04/2018 2035  30 35 36 38 49 52
25/04/2018 2034  06 07 13 17 22 56
20/04/2018 2033  10 18 33 38 40 43
17/04/2018 2032  06 14 19 20 39 53
14/04/2018 2031  18 23 37 39 50 55
11/04/2018 2030  04 27 38 40 58 59
07/04/2018 2029  06 15 18 33 37 40
04/04/2018 2028  07 11 24 36 42 58
31/03/2018 2027  11 15 29 37 39 44
28/03/2018 2026  10 23 31 33 51 52
24/03/2018 2025  04 24 46 52 55 56
21/03/2018 2024  16 20 23 29 35 47
17/03/2018 2023  01 06 07 08 23 56
14/03/2018 2022  04 28 45 48 52 60
10/03/2018 2021  07 14 32 37 40 60
07/03/2018 2020  02 36 46 48 57 60
03/03/2018 2019  23 41 46 52 54 59
28/02/2018 2018  11 22 25 27 55 59
24/02/2018 2017  02 10 11 24 38 56
21/02/2018 2016  04 11 17 18 21 48
17/02/2018 2015  17 18 27 32 39 58
14/02/2018 2014  16 32 40 46 53 56
10/02/2018 2013  06 23 30 36 53 56
08/02/2018 2012  08 11 27 35 36 51
06/02/2018 2011  02 28 32 35 54 58
03/02/2018 2010  08 10 18 34 39 56
31/01/2018 2009  01 37 44 46 48 50
27/01/2018 2008  22 27 33 42 58 59
24/01/2018 2007  04 14 39 41 54 58
20/01/2018 2006  01 09 14 20 25 54
17/01/2018 2005  11 19 22 33 34 53
13/01/2018 2004  01 05 14 23 35 45
10/01/2018 2003  28 34 40 43 50 51
06/01/2018 2002  04 28 30 38 46 59
03/01/2018 2001  20 22 36 42 52 60
31/12/2017 2000  03 06 10 17 34 37
21/12/2017 1999  15 37 38 42 49 50
19/12/2017 1998  08 21 24 25 52 57
16/12/2017 1997  01 07 14 31 35 46
13/12/2017 1996  07 20 21 24 40 56
09/12/2017 1995  14 26 29 35 37 39
06/12/2017 1994  02 05 12 32 40 44
02/12/2017 1993  06 17 33 48 50 57
29/11/2017 1992  05 11 13 21 53 54
25/11/2017 1991  19 20 28 34 36 44
22/11/2017 1990  11 24 26 34 37 59
18/11/2017 1989  15 22 30 32 40 58
16/11/2017 1988  05 10 39 42 46 54
11/11/2017 1987  10 14 31 34 45 58
09/11/2017 1986  23 36 43 44 55 56
07/11/2017 1985  09 28 29 34 36 55
04/11/2017 1984  21 29 32 35 43 50
01/11/2017 1983  05 06 10 14 22 36
28/10/2017 1982  04 14 20 24 46 50
25/10/2017 1981  06 15 19 37 39 53
21/10/2017 1980  12 16 17 18 34 37
19/10/2017 1979  22 23 29 32 38 45
17/10/2017 1978  02 06 22 44 55 57
14/10/2017 1977  03 16 28 32 34 37
11/10/2017 1976  12 14 19 25 52 59
07/10/2017 1975  08 11 24 26 47 57
04/10/2017 1974  04 19 27 38 54 57
30/09/2017 1973  01 12 16 17 52 60
27/09/2017 1972  09 16 20 54 57 59
23/09/2017 1971  04 10 41 44 52 54
21/09/2017 1970  05 10 18 24 39 52
19/09/2017 1969  08 20 30 32 48 59
16/09/2017 1968  35 36 39 44 48 52
13/09/2017 1967  13 30 32 39 46 54
09/09/2017 1966  10 13 19 32 40 60
06/09/2017 1965  26 28 35 38 48 55
02/09/2017 1964  02 27 32 36 48 50
30/08/2017 1963  04 05 07 34 42 60
26/08/2017 1962  05 06 15 25 39 53
23/08/2017 1961  17 25 26 30 32 50
19/08/2017 1960  01 18 25 37 39 43
16/08/2017 1959  08 21 27 35 43 56
12/08/2017 1958  15 20 22 24 34 55
10/08/2017 1957  02 14 22 23 29 47
08/08/2017 1956  05 08 20 28 40 45
05/08/2017 1955  15 27 33 36 41 45
02/08/2017 1954  09 25 33 35 40 49
29/07/2017 1953  09 26 29 42 43 45
26/07/2017 1952  09 21 36 38 52 53
22/07/2017 1951  14 16 19 21 33 55
19/07/2017 1950  10 21 32 34 48 57
15/07/2017 1949  01 06 14 22 30 56
12/07/2017 1948  12 20 24 28 33 57
08/07/2017 1947  08 33 40 52 55 59
06/07/2017 1946  04 06 39 44 52 60
04/07/2017 1945  04 08 10 21 45 54
01/07/2017 1944  08 09 39 47 57 59
28/06/2017 1943  09 11 12 30 39 43
24/06/2017 1942  06 18 20 24 43 48
21/06/2017 1941  01 09 24 38 48 49
17/06/2017 1940  09 13 16 17 36 47
14/06/2017 1939  07 24 29 39 45 52
10/06/2017 1938  10 16 32 40 42 54
07/06/2017 1937  06 10 24 29 43 55
03/06/2017 1936  03 12 24 40 51 52
31/05/2017 1935  01 03 10 17 23 24
27/05/2017 1934  08 23 35 39 56 59
24/05/2017 1933  02 14 15 19 35 59
20/05/2017 1932  10 16 21 29 44 55
17/05/2017 1931  02 08 09 15 22 34
13/05/2017 1930  04 17 18 37 52 56
11/05/2017 1929  03 10 23 36 43 52
09/05/2017 1928  10 26 28 51 53 59
06/05/2017 1927  05 11 13 19 30 31
03/05/2017 1926  02 03 14 20 30 46
29/04/2017 1925  01 17 38 43 45 47
26/04/2017 1924  12 16 30 52 53 58
22/04/2017 1923  09 34 42 45 46 59
19/04/2017 1922  20 22 36 38 41 43
15/04/2017 1921  10 15 16 19 28 35
12/04/2017 1920  25 31 33 39 43 45
08/04/2017 1919  11 28 37 45 54 60
05/04/2017 1918  16 17 20 22 38 50
01/04/2017 1917  04 21 25 33 36 46
29/03/2017 1916  03 09 18 23 50 52
25/03/2017 1915  02 20 21 33 48 57
22/03/2017 1914  16 29 33 39 42 44
18/03/2017 1913  04 14 17 43 52 56
15/03/2017 1912  10 13 33 35 36 42
11/03/2017 1911  16 18 23 30 32 33
08/03/2017 1910  06 09 15 22 39 48
04/03/2017 1909  11 40 43 45 47 57
01/03/2017 1908  04 10 13 23 27 57
25/02/2017 1907  03 25 35 38 44 48
23/02/2017 1906  06 27 33 39 40 60
21/02/2017 1905  29 35 43 54 56 57
18/02/2017 1904  12 15 18 21 51 56
15/02/2017 1903  09 10 15 28 43 45
11/02/2017 1902  02 07 09 18 21 25
08/02/2017 1901  11 12 26 30 37 53
04/02/2017 1900  08 11 27 28 43 46
01/02/2017 1899  20 23 35 36 44 48
28/01/2017 1898  12 34 45 53 55 58
25/01/2017 1897  09 22 25 47 52 58
21/01/2017 1896  03 06 14 15 21 25
18/01/2017 1895  02 03 05 10 15 34
14/01/2017 1894  21 31 35 53 54 57
11/01/2017 1893  16 17 19 28 45 58
07/01/2017 1892  06 17 22 30 37 50
04/01/2017 1891  01 03 19 23 47 58
31/12/2016 1890  05 11 22 24 51 53
24/12/2016 1889  16 23 25 28 30 44
22/12/2016 1888  01 10 17 18 45 48
20/12/2016 1887  11 23 34 41 46 56
17/12/2016 1886  03 07 15 40 45 54
14/12/2016 1885  07 14 18 23 32 59
10/12/2016 1884  01 04 23 32 38 59
07/12/2016 1883  16 27 28 47 59 60
03/12/2016 1882  09 10 19 35 37 41
30/11/2016 1881  03 10 30 44 53 56
26/11/2016 1880  05 16 19 37 51 56
23/11/2016 1879  05 10 20 57 58 59
19/11/2016 1878  12 16 26 40 56 57
16/11/2016 1877  13 16 23 24 32 35
12/11/2016 1876  07 18 39 41 44 51
10/11/2016 1875  01 45 47 52 53 55
08/11/2016 1874  10 28 37 43 44 47
05/11/2016 1873  05 25 28 41 53 54
03/11/2016 1872  11 13 25 39 46 56
29/10/2016 1871  03 11 17 33 52 58
26/10/2016 1870  18 20 30 32 33 40
22/10/2016 1869  11 23 24 26 40 52
20/10/2016 1868  01 05 23 25 28 31
18/10/2016 1867  03 10 17 21 22 43
15/10/2016 1866  14 17 36 38 44 60
13/10/2016 1865  01 05 31 32 37 42
08/10/2016 1864  04 05 14 37 40 60
05/10/2016 1863  16 23 45 56 58 59
01/10/2016 1862  02 08 35 42 49 56
28/09/2016 1861  02 04 09 35 45 60
24/09/2016 1860  10 30 36 40 44 60
22/09/2016 1859  01 13 14 21 26 51
20/09/2016 1858  22 28 30 33 55 59
17/09/2016 1857  13 23 25 35 52 53
14/09/2016 1856  02 09 14 22 32 37
10/09/2016 1855  06 10 15 24 38 39
08/09/2016 1854  25 30 31 34 43 59
03/09/2016 1853  01 02 34 39 41 45
31/08/2016 1852  13 17 29 45 49 50
27/08/2016 1851  08 18 21 22 35 37
24/08/2016 1850  23 24 32 38 40 41
20/08/2016 1849  03 05 11 27 35 44
17/08/2016 1848  09 40 41 50 55 58
13/08/2016 1847  01 06 45 49 50 57
11/08/2016 1846  06 24 26 30 34 49
09/08/2016 1845  03 09 13 29 30 51
06/08/2016 1844  03 04 37 39 48 50
03/08/2016 1843  08 26 28 33 41 54
30/07/2016 1842  16 18 22 24 34 43
27/07/2016 1841  03 06 13 38 49 51
23/07/2016 1840  15 17 33 41 47 48
20/07/2016 1839  07 22 28 32 56 58
16/07/2016 1838  05 08 24 30 57 59
14/07/2016 1837  41 44 48 50 54 57
12/07/2016 1836  08 15 18 45 59 60
09/07/2016 1835  08 28 36 47 50 58
06/07/2016 1834  02 17 22 24 48 51
02/07/2016 1833  02 03 07 16 27 42
29/06/2016 1832  14 34 46 47 56 57
25/06/2016 1831  15 27 28 32 48 55
22/06/2016 1830  03 07 29 37 54 60
18/06/2016 1829  07 13 24 30 32 53
15/06/2016 1828  06 11 32 40 48 59
11/06/2016 1827  26 33 42 43 53 54
09/06/2016 1826  17 19 32 43 48 51
07/06/2016 1825  10 11 21 50 51 54
04/06/2016 1824  05 06 12 19 30 60
01/06/2016 1823  04 09 21 34 54 59
28/05/2016 1822  01 22 26 43 50 53
25/05/2016 1821  19 22 31 36 52 53
21/05/2016 1820  03 19 23 27 40 45
18/05/2016 1819  17 18 26 30 33 37
14/05/2016 1818  02 06 10 15 53 56
11/05/2016 1817  01 04 26 39 47 55
07/05/2016 1816  05 10 12 22 28 46
05/05/2016 1815  08 11 25 39 41 60
03/05/2016 1814  09 11 27 46 51 53
30/04/2016 1813  09 11 13 15 19 51
27/04/2016 1812  20 23 32 34 37 45
23/04/2016 1811  05 17 32 35 37 57
20/04/2016 1810  01 10 25 43 50 56
16/04/2016 1809  09 12 23 24 46 54
13/04/2016 1808  02 14 20 25 41 45
09/04/2016 1807  01 15 16 22 25 43
06/04/2016 1806  11 20 35 42 55 58
02/04/2016 1805  17 22 27 31 49 57
30/03/2016 1804  20 21 28 48 50 59
26/03/2016 1803  04 08 29 38 49 50
23/03/2016 1802  02 06 13 14 17 44
19/03/2016 1801  06 19 34 43 45 54
16/03/2016 1800  06 11 16 19 31 56
12/03/2016 1799  01 03 04 39 51 53
10/03/2016 1798  02 09 23 28 45 53
08/03/2016 1797  02 13 14 35 54 57
05/03/2016 1796  22 23 34 48 53 54
02/03/2016 1795  30 42 47 50 55 58
27/02/2016 1794  01 05 34 37 40 60
24/02/2016 1793  13 14 22 54 56 58
20/02/2016 1792  02 16 17 18 41 47
17/02/2016 1791  12 18 46 50 53 55
13/02/2016 1790  11 13 26 27 28 50
10/02/2016 1789  06 25 43 57 58 59
06/02/2016 1788  03 13 42 45 56 59
04/02/2016 1787  01 05 13 25 26 29
02/02/2016 1786  02 06 08 21 25 34
30/01/2016 1785  05 11 27 41 42 54
27/01/2016 1784  04 15 26 30 54 55
23/01/2016 1783  04 06 16 18 21 38
20/01/2016 1782  06 18 34 47 52 57
16/01/2016 1781  01 08 22 49 52 53
14/01/2016 1780  06 20 22 31 33 34
12/01/2016 1779  12 25 30 39 56 57
09/01/2016 1778  04 10 38 40 45 48
06/01/2016 1777  04 19 38 44 52 55
02/01/2016 1776  10 11 14 19 39 48
31/12/2015 1775  02 18 31 42 51 56
26/12/2015 1774  01 12 20 30 52 60
24/12/2015 1773  15 30 39 41 45 59
22/12/2015 1772  12 19 27 39 41 45
19/12/2015 1771  02 20 27 28 32 38
16/12/2015 1770  11 26 27 30 34 41
12/12/2015 1769  32 37 44 47 54 60
09/12/2015 1768  05 07 11 34 35 50
05/12/2015 1767  16 26 35 39 44 45
02/12/2015 1766  22 23 41 46 53 60
28/11/2015 1765  01 06 28 37 56 58
25/11/2015 1764  06 07 29 39 41 55
21/11/2015 1763  09 12 15 21 31 36
18/11/2015 1762  26 32 42 45 55 59
14/11/2015 1761  09 10 36 50 53 55
13/11/2015 1760  10 24 25 36 47 48
10/11/2015 1759  02 14 21 22 51 60
07/11/2015 1758  06 11 16 23 36 42
04/11/2015 1757  13 25 28 37 43 56
31/10/2015 1756  06 13 14 28 35 45
28/10/2015 1755  02 05 08 18 30 48
24/10/2015 1754  20 27 30 31 40 53
21/10/2015 1753  08 15 29 35 45 54
17/10/2015 1752  09 36 37 53 55 60
15/10/2015 1751  15 22 23 42 51 57
13/10/2015 1750  15 17 20 31 41 48
10/10/2015 1749  03 13 14 29 33 43
07/10/2015 1748  02 10 13 41 49 53
03/10/2015 1747  06 33 34 48 53 59
30/09/2015 1746  06 18 37 40 41 58
26/09/2015 1745  09 13 18 47 52 60
23/09/2015 1744  09 12 14 29 42 56
19/09/2015 1743  04 10 29 31 34 35
16/09/2015 1742  11 19 21 23 27 52
12/09/2015 1741  15 18 20 32 48 49
09/09/2015 1740  10 15 25 38 47 53
05/09/2015 1739  09 10 17 32 34 46
02/09/2015 1738  12 28 37 46 48 53
29/08/2015 1737  05 08 42 50 51 59
26/08/2015 1736  12 13 24 29 32 41
22/08/2015 1735  06 16 33 34 45 46
19/08/2015 1734  12 17 25 29 41 52
15/08/2015 1733  03 05 09 14 41 46
12/08/2015 1732  25 34 38 45 53 60
08/08/2015 1731  05 18 27 43 49 59
06/08/2015 1730  01 10 17 24 42 51
04/08/2015 1729  07 14 23 43 44 53
01/08/2015 1728  03 08 28 39 42 59
29/07/2015 1727  04 06 19 20 40 41
25/07/2015 1726  03 10 42 49 54 57
22/07/2015 1725  16 18 26 30 31 34
18/07/2015 1724  27 33 37 39 58 60
15/07/2015 1723  14 27 30 46 52 60
11/07/2015 1722  09 23 39 41 49 58
09/07/2015 1721  04 12 19 33 36 38
07/07/2015 1720  18 23 31 39 49 57
04/07/2015 1719  01 22 31 34 44 54
01/07/2015 1718  04 30 31 32 47 53
27/06/2015 1717  02 09 16 37 44 58
24/06/2015 1716  02 25 36 41 42 53
20/06/2015 1715  16 20 35 40 53 60
17/06/2015 1714  02 08 24 36 51 52
13/06/2015 1713  03 10 16 23 27 29
10/06/2015 1712  02 12 19 29 50 59
06/06/2015 1711  22 26 38 39 45 50
03/06/2015 1710  07 21 28 56 58 59
30/05/2015 1709  07 19 30 35 42 47
27/05/2015 1708  17 29 32 38 45 50
23/05/2015 1707  07 16 20 27 36 52
20/05/2015 1706  12 31 34 36 48 56
16/05/2015 1705  25 27 29 37 50 51
13/05/2015 1704  01 07 11 32 51 59
09/05/2015 1703  03 23 26 35 39 49
07/05/2015 1702  17 19 33 35 39 52
05/05/2015 1701  03 09 18 32 40 56
02/05/2015 1700  15 18 41 48 50 58
29/04/2015 1699  01 06 10 30 33 38
25/04/2015 1698  11 13 24 28 44 45
22/04/2015 1697  08 23 30 51 53 58
18/04/2015 1696  01 12 17 31 37 46
15/04/2015 1695  24 36 38 43 44 58
11/04/2015 1694  20 29 34 37 45 57
08/04/2015 1693  05 15 18 19 21 38
04/04/2015 1692  11 13 14 27 44 56
01/04/2015 1691  01 10 24 39 45 58
28/03/2015 1690  21 24 26 35 45 53
25/03/2015 1689  02 05 13 27 41 53
21/03/2015 1688  18 23 30 32 42 56
18/03/2015 1687  15 24 37 46 49 58
14/03/2015 1686  09 14 37 44 46 55
11/03/2015 1685  03 18 31 39 46 51
07/03/2015 1684  09 12 18 31 39 50
04/03/2015 1683  04 12 32 33 34 48
28/02/2015 1682  07 13 35 37 39 51
25/02/2015 1681  01 06 08 11 33 50
21/02/2015 1680  23 37 38 46 47 51
18/02/2015 1679  01 02 27 28 46 47
14/02/2015 1678  09 11 17 19 35 52
11/02/2015 1677  10 15 28 33 51 52
07/02/2015 1676  01 02 11 37 48 51
04/02/2015 1675  03 18 34 35 36 56
31/01/2015 1674  22 30 42 50 58 59
28/01/2015 1673  05 10 23 24 35 47
24/01/2015 1672  01 03 05 10 20 42
21/01/2015 1671  21 27 31 45 55 56
17/01/2015 1670  01 17 19 30 33 47
14/01/2015 1669  28 29 31 45 48 49
10/01/2015 1668  05 40 47 52 55 57
07/01/2015 1667  07 12 24 44 51 56
03/01/2015 1666  01 02 23 27 45 51
31/12/2014 1665  01 05 11 16 20 56
24/12/2014 1664  08 21 23 29 36 48
20/12/2014 1663  18 20 27 40 49 55
17/12/2014 1662  10 14 25 29 33 57
13/12/2014 1661  13 16 27 43 48 58
10/12/2014 1660  08 17 34 38 42 51
06/12/2014 1659  04 10 20 33 37 49
03/12/2014 1658  07 11 19 23 40 49
29/11/2014 1657  07 10 14 37 45 54
26/11/2014 1656  04 06 11 43 54 56
22/11/2014 1655  07 24 28 46 53 56
19/11/2014 1654  07 16 33 42 50 58
14/11/2014 1653  01 21 22 27 32 45
12/11/2014 1652  07 24 26 28 44 57
08/11/2014 1651  08 27 35 38 41 44
05/11/2014 1650  17 23 29 38 57 60
01/11/2014 1649  24 33 38 42 44 54
29/10/2014 1648  15 16 18 20 22 48
25/10/2014 1647  12 17 23 38 53 54
22/10/2014 1646  19 23 34 40 41 58
18/10/2014 1645  08 18 21 31 37 38
15/10/2014 1644  10 13 16 22 34 60
11/10/2014 1643  16 19 20 28 37 60
08/10/2014 1642  03 23 42 43 47 60
04/10/2014 1641  23 29 30 33 46 51
01/10/2014 1640  02 06 18 23 31 46
27/09/2014 1639  16 29 34 35 49 51
24/09/2014 1638  01 02 38 41 42 58
20/09/2014 1637  01 05 24 47 55 56
17/09/2014 1636  19 26 33 35 51 52
13/09/2014 1635  08 23 28 30 32 51
10/09/2014 1634  09 10 23 33 44 51
06/09/2014 1633  01 02 11 13 36 49
03/09/2014 1632  06 18 24 27 56 59
30/08/2014 1631  04 29 44 47 48 60
27/08/2014 1630  01 07 30 43 44 54
23/08/2014 1629  04 20 24 35 47 59
20/08/2014 1628  26 29 34 38 50 60
16/08/2014 1627  20 26 32 41 45 57
13/08/2014 1626  03 05 14 35 43 52
09/08/2014 1625  11 22 36 40 45 52
07/08/2014 1624  02 27 32 41 47 58
05/08/2014 1623  33 43 49 50 56 59
02/08/2014 1622  04 05 07 21 45 53
30/07/2014 1621  10 22 24 38 39 49
26/07/2014 1620  13 23 27 34 38 57
23/07/2014 1619  05 08 17 42 46 47
19/07/2014 1618  09 20 24 43 51 52
16/07/2014 1617  03 23 26 31 47 54
12/07/2014 1616  28 31 40 42 46 58
09/07/2014 1615  05 20 26 31 33 44
05/07/2014 1614  14 17 21 27 43 49
02/07/2014 1613  04 18 31 44 46 49
28/06/2014 1612  06 13 17 36 42 51
25/06/2014 1611  24 28 47 50 51 58
21/06/2014 1610  01 04 09 35 36 53
18/06/2014 1609  02 06 13 26 53 60
14/06/2014 1608  05 06 17 43 54 59
11/06/2014 1607  07 31 32 41 51 52
07/06/2014 1606  01 15 37 42 46 54
04/06/2014 1605  09 19 21 30 31 42
31/05/2014 1604  02 21 24 27 40 51
28/05/2014 1603  13 20 27 31 53 60
24/05/2014 1602  08 12 22 35 40 44
21/05/2014 1601  08 10 24 45 56 60
17/05/2014 1600  09 23 32 35 46 57
14/05/2014 1599  03 10 15 35 36 58
10/05/2014 1598  29 31 36 42 47 53
07/05/2014 1597  05 10 16 44 50 52
03/05/2014 1596  01 05 07 10 12 45
30/04/2014 1595  02 05 08 42 46 59
26/04/2014 1594  06 07 08 23 43 53
23/04/2014 1593  04 09 17 18 21 38
19/04/2014 1592  31 36 38 41 42 49
16/04/2014 1591  04 10 23 33 38 55
12/04/2014 1590  07 20 34 40 44 55
09/04/2014 1589  04 05 11 19 41 51
05/04/2014 1588  23 29 32 36 45 49
02/04/2014 1587  08 19 21 30 52 56
29/03/2014 1586  08 39 43 46 47 58
26/03/2014 1585  02 43 47 48 49 55
22/03/2014 1584  03 22 27 28 50 54
19/03/2014 1583  02 09 17 18 45 47
15/03/2014 1582  01 04 13 17 38 48
12/03/2014 1581  14 15 25 30 31 34
08/03/2014 1580  01 06 14 17 33 36
05/03/2014 1579  25 34 40 49 51 60
01/03/2014 1578  03 06 30 37 53 56
26/02/2014 1577  11 14 25 32 51 59
22/02/2014 1576  13 15 21 26 30 46
19/02/2014 1575  01 04 05 14 45 56
15/02/2014 1574  06 27 28 33 46 48
12/02/2014 1573  07 16 21 35 36 38
08/02/2014 1572  20 27 42 45 46 47
05/02/2014 1571  03 29 32 46 55 60
01/02/2014 1570  15 18 24 42 46 56
29/01/2014 1569  05 15 18 31 42 53
25/01/2014 1568  19 24 25 28 42 58
22/01/2014 1567  02 15 30 38 48 53
18/01/2014 1566  05 06 11 32 36 60
15/01/2014 1565  18 37 39 41 43 51
11/01/2014 1564  25 38 44 46 53 54
09/01/2014 1563  01 06 13 20 36 43
04/01/2014 1562  10 12 23 37 47 51
02/01/2014 1561  23 26 28 54 55 60
31/12/2013 1560  20 30 36 38 47 53
21/12/2013 1559  08 12 16 29 37 58
19/12/2013 1558  07 15 17 31 42 54
17/12/2013 1557  04 16 18 31 45 46
14/12/2013 1556  01 04 07 10 11 52
11/12/2013 1555  02 05 23 33 52 59
07/12/2013 1554  30 32 49 50 52 53
04/12/2013 1553  20 21 22 29 46 60
30/11/2013 1552  07 18 24 26 39 46
27/11/2013 1551  02 15 19 21 23 38
23/11/2013 1550  09 13 21 27 36 56
20/11/2013 1549  10 12 16 20 32 53
16/11/2013 1548  19 41 42 44 47 54
13/11/2013 1547  02 09 10 18 21 28
09/11/2013 1546  04 17 38 44 53 60
06/11/2013 1545  04 06 11 24 45 48
01/11/2013 1544  02 21 30 35 45 50
30/10/2013 1543  07 15 20 23 30 41
26/10/2013 1542  07 11 12 30 39 57
23/10/2013 1541  05 24 37 44 49 58
19/10/2013 1540  03 17 27 32 47 54
16/10/2013 1539  08 10 20 26 49 58
11/10/2013 1538  23 27 35 52 53 57
09/10/2013 1537  06 10 33 50 51 56
05/10/2013 1536  13 18 29 32 50 58
02/10/2013 1535  08 09 25 41 54 55
28/09/2013 1534  01 12 28 29 34 48
25/09/2013 1533  13 21 29 34 47 57
21/09/2013 1532  02 11 23 31 42 44
18/09/2013 1531  12 13 24 41 42 44
14/09/2013 1530  10 16 28 33 48 53
11/09/2013 1529  11 15 17 34 35 49
06/09/2013 1528  04 13 15 19 36 58
04/09/2013 1527  16 32 36 42 44 48
31/08/2013 1526  10 16 28 47 51 59
28/08/2013 1525  02 26 30 35 46 54
24/08/2013 1524  02 12 40 46 52 53
21/08/2013 1523  22 25 31 39 41 44
17/08/2013 1522  05 08 23 32 33 56
14/08/2013 1521  11 14 18 30 33 39
10/08/2013 1520  07 31 35 36 46 48
08/08/2013 1519  05 06 15 23 56 59
06/08/2013 1518  08 09 28 41 48 55
03/08/2013 1517  07 17 38 45 52 56
31/07/2013 1516  04 18 20 34 45 60
27/07/2013 1515  04 13 14 18 49 59
24/07/2013 1514  16 17 23 42 59 60
20/07/2013 1513  17 28 31 56 57 58
17/07/2013 1512  11 28 35 42 46 58
13/07/2013 1511  04 08 17 29 31 45
10/07/2013 1510  01 08 17 44 46 53
06/07/2013 1509  01 06 27 46 51 59
03/07/2013 1508  17 18 30 35 39 58
29/06/2013 1507  24 46 50 51 52 56
26/06/2013 1506  03 14 18 34 42 49
22/06/2013 1505  01 02 06 09 16 32
19/06/2013 1504  02 10 12 30 41 42
15/06/2013 1503  03 04 16 22 36 42
12/06/2013 1502  06 22 43 51 52 57
08/06/2013 1501  01 07 13 29 37 54
05/06/2013 1500  10 18 31 43 57 59
01/06/2013 1499  08 22 26 33 37 54
29/05/2013 1498  06 11 27 40 46 49
25/05/2013 1497  04 05 07 27 45 58
22/05/2013 1496  14 18 28 41 47 54
18/05/2013 1495  04 13 14 44 49 57
15/05/2013 1494  02 14 24 28 35 50
11/05/2013 1493  07 12 24 27 30 49
08/05/2013 1492  04 09 18 44 46 48
04/05/2013 1491  06 26 45 50 56 60
02/05/2013 1490  01 03 31 32 43 52
27/04/2013 1489  01 15 24 26 28 48
24/04/2013 1488  04 22 25 38 45 51
20/04/2013 1487  04 09 17 23 28 53
17/04/2013 1486  01 06 10 34 40 54
13/04/2013 1485  04 27 30 36 54 59
10/04/2013 1484  17 20 24 29 49 53
06/04/2013 1483  01 35 39 53 55 56
03/04/2013 1482  06 09 11 34 41 53
30/03/2013 1481  17 27 28 40 44 55
27/03/2013 1480  09 14 21 26 36 52
23/03/2013 1479  21 48 50 54 57 60
20/03/2013 1478  10 27 37 40 47 55
16/03/2013 1477  03 04 46 50 56 59
13/03/2013 1476  04 10 26 37 47 57
09/03/2013 1475  12 13 37 44 48 51
06/03/2013 1474  01 02 03 11 28 43
02/03/2013 1473  02 12 33 57 58 60
27/02/2013 1472  12 18 23 25 45 50
23/02/2013 1471  10 25 33 36 40 58
20/02/2013 1470  02 34 36 38 51 55
16/02/2013 1469  04 13 35 54 56 58
13/02/2013 1468  01 02 10 19 20 37
09/02/2013 1467  23 24 26 41 52 53
06/02/2013 1466  04 06 13 34 37 51
02/02/2013 1465  06 11 16 26 44 53
30/01/2013 1464  02 24 32 50 54 59
26/01/2013 1463  13 22 28 29 40 48
23/01/2013 1462  05 09 25 27 38 40
19/01/2013 1461  31 36 44 47 49 54
16/01/2013 1460  04 14 27 38 50 52
12/01/2013 1459  02 06 30 34 35 52
09/01/2013 1458  02 04 16 33 44 51
05/01/2013 1457  15 16 34 42 46 59
02/01/2013 1456  06 08 14 26 36 40
31/12/2012 1455  14 32 33 36 41 52
22/12/2012 1454  04 27 29 41 48 52
20/12/2012 1453  06 13 25 32 47 57
18/12/2012 1452  02 14 28 50 57 58
15/12/2012 1451  02 10 11 33 52 57
12/12/2012 1450  26 27 31 38 44 45
08/12/2012 1449  02 06 18 30 52 56
05/12/2012 1448  01 25 29 36 56 60
01/12/2012 1447  01 19 28 33 39 41
28/11/2012 1446  06 13 24 32 40 51
24/11/2012 1445  05 19 32 41 49 58
21/11/2012 1444  02 05 27 28 48 55
17/11/2012 1443  12 20 32 48 52 54
14/11/2012 1442  12 13 20 30 34 49
10/11/2012 1441  17 29 36 38 53 56
07/11/2012 1440  02 06 28 36 51 56
03/11/2012 1439  02 34 35 42 43 55
31/10/2012 1438  07 14 31 33 36 49
27/10/2012 1437  22 23 26 37 38 48
24/10/2012 1436  01 13 23 24 30 57
20/10/2012 1435  04 15 45 47 50 52
17/10/2012 1434  03 18 22 34 55 58
13/10/2012 1433  04 13 14 40 46 52
10/10/2012 1432  16 24 25 42 45 59
06/10/2012 1431  05 09 13 33 40 54
03/10/2012 1430  02 19 22 30 46 52
29/09/2012 1429  09 12 22 39 48 60
26/09/2012 1428  07 15 19 34 37 55
22/09/2012 1427  08 39 44 47 53 56
19/09/2012 1426  06 15 18 24 30 44
15/09/2012 1425  07 16 29 36 38 50
12/09/2012 1424  03 07 15 29 38 60
08/09/2012 1423  03 08 21 25 27 43
05/09/2012 1422  02 05 13 17 39 44
01/09/2012 1421  19 31 39 44 53 59
29/08/2012 1420  02 11 16 18 36 45
25/08/2012 1419  17 21 30 48 52 58
22/08/2012 1418  07 08 10 12 27 56
18/08/2012 1417  05 12 45 52 56 59
15/08/2012 1416  03 19 22 24 35 49
11/08/2012 1415  26 36 40 46 49 51
09/08/2012 1414  21 37 44 46 49 57
07/08/2012 1413  13 15 33 45 54 55
04/08/2012 1412  06 08 24 37 41 45
01/08/2012 1411  08 12 32 44 46 48
28/07/2012 1410  18 29 40 42 50 54
25/07/2012 1409  06 19 26 47 50 58
21/07/2012 1408  04 19 20 24 39 43
18/07/2012 1407  18 29 31 42 43 53
14/07/2012 1406  07 10 17 24 38 57
11/07/2012 1405  03 14 17 32 37 39
07/07/2012 1404  07 08 27 31 32 51
04/07/2012 1403  13 16 20 26 39 42
30/06/2012 1402  02 09 10 21 27 38
27/06/2012 1401  11 12 25 33 48 54
23/06/2012 1400  09 26 34 43 53 54
20/06/2012 1399  34 39 43 56 57 60
16/06/2012 1398  14 32 33 40 42 51
13/06/2012 1397  03 04 07 15 27 56
09/06/2012 1396  29 48 52 54 55 58
06/06/2012 1395  05 11 17 19 44 48
02/06/2012 1394  11 16 24 35 46 50
30/05/2012 1393  04 18 24 28 39 44
26/05/2012 1392  02 08 12 28 33 43
23/05/2012 1391  07 12 19 34 40 53
19/05/2012 1390  04 19 27 28 29 31
16/05/2012 1389  01 16 28 39 44 57
12/05/2012 1388  22 29 31 43 50 54
09/05/2012 1387  18 27 32 43 50 52
05/05/2012 1386  12 28 38 39 51 56
02/05/2012 1385  27 35 36 37 42 59
28/04/2012 1384  02 18 30 31 45 56
25/04/2012 1383  07 09 23 44 46 55
20/04/2012 1382  05 13 16 17 27 55
18/04/2012 1381  11 27 30 40 44 57
14/04/2012 1380  03 14 52 55 57 60
11/04/2012 1379  05 12 36 45 50 58
07/04/2012 1378  02 05 17 18 54 59
04/04/2012 1377  02 05 12 13 25 35
31/03/2012 1376  09 11 21 49 53 54
28/03/2012 1375  14 25 28 45 53 58
24/03/2012 1374  06 21 28 31 33 43
21/03/2012 1373  07 27 39 52 55 57
17/03/2012 1372  03 36 40 46 58 60
14/03/2012 1371  03 04 08 11 47 49
10/03/2012 1370  02 04 05 27 49 59
07/03/2012 1369  05 16 24 32 38 46
03/03/2012 1368  10 21 26 29 32 38
01/03/2012 1367  02 07 13 29 38 43
25/02/2012 1366  12 27 37 44 54 59
22/02/2012 1365  02 24 26 32 35 50
18/02/2012 1364  10 13 20 40 44 53
15/02/2012 1363  25 35 42 45 52 57
11/02/2012 1362  02 12 19 22 36 58
08/02/2012 1361  23 27 30 37 38 44
04/02/2012 1360  02 16 17 25 50 54
01/02/2012 1359  06 10 12 17 28 53
28/01/2012 1358  03 15 16 35 37 47
25/01/2012 1357  01 19 24 26 52 55
21/01/2012 1356  06 13 21 22 31 46
18/01/2012 1355  11 17 24 39 46 49
14/01/2012 1354  02 08 38 42 48 49
11/01/2012 1353  03 11 13 27 32 47
07/01/2012 1352  09 18 24 35 36 59
04/01/2012 1351  13 33 36 41 50 56
31/12/2011 1350  03 04 29 36 45 55
24/12/2011 1349  09 19 20 50 51 60
22/12/2011 1348  07 12 38 39 45 56
20/12/2011 1347  09 19 45 46 54 56
17/12/2011 1346  12 32 40 47 48 59
14/12/2011 1345  07 17 19 26 40 50
10/12/2011 1344  08 19 21 36 42 59
07/12/2011 1343  19 20 31 42 51 56
03/12/2011 1342  05 07 42 46 50 60
30/11/2011 1341  01 11 20 37 40 52
26/11/2011 1340  13 21 30 36 59 60
23/11/2011 1339  07 10 14 16 54 59
19/11/2011 1338  01 18 19 33 43 60
16/11/2011 1337  02 20 35 38 45 51
12/11/2011 1336  01 32 38 47 51 54
09/11/2011 1335  03 14 20 22 49 51
05/11/2011 1334  01 06 08 10 25 27
03/11/2011 1333  25 26 28 33 42 51
29/10/2011 1332  03 05 13 24 35 59
26/10/2011 1331  09 24 26 39 46 57
22/10/2011 1330  08 18 21 30 48 49
19/10/2011 1329  07 08 11 39 43 50
15/10/2011 1328  10 23 27 43 53 59
13/10/2011 1327  16 35 36 41 52 54
08/10/2011 1326  10 11 18 19 30 50
05/10/2011 1325  02 05 16 20 35 43
01/10/2011 1324  18 29 31 44 51 57
28/09/2011 1323  06 15 25 37 48 55
24/09/2011 1322  10 21 43 47 53 55
21/09/2011 1321  10 47 51 53 59 60
17/09/2011 1320  17 24 25 38 41 55
14/09/2011 1319  04 05 16 18 27 51
10/09/2011 1318  11 14 16 28 34 46
08/09/2011 1317  06 13 29 30 35 37
03/09/2011 1316  08 13 25 34 42 48
31/08/2011 1315  01 27 29 38 50 52
27/08/2011 1314  38 42 44 52 58 60
24/08/2011 1313  01 04 26 39 43 49
20/08/2011 1312  05 20 22 28 29 30
17/08/2011 1311  07 09 12 19 45 54
13/08/2011 1310  08 09 14 32 53 59
11/08/2011 1309  07 12 25 26 32 39
09/08/2011 1308  07 08 24 30 33 47
06/08/2011 1307  07 10 32 43 47 54
03/08/2011 1306  06 19 22 34 43 45
30/07/2011 1305  03 05 11 36 44 46
27/07/2011 1304  07 14 15 20 23 35
23/07/2011 1303  08 19 46 51 52 54
20/07/2011 1302  02 10 15 44 56 57
16/07/2011 1301  03 16 23 25 51 56
13/07/2011 1300  43 44 46 53 54 59
09/07/2011 1299  08 22 32 43 53 56
06/07/2011 1298  14 15 30 53 55 60
02/07/2011 1297  02 05 11 13 56 59
29/06/2011 1296  10 14 43 46 49 53
25/06/2011 1295  02 05 15 20 43 57
22/06/2011 1294  04 06 29 48 50 51
18/06/2011 1293  01 13 24 40 44 50
15/06/2011 1292  09 11 23 30 31 54
11/06/2011 1291  18 40 47 54 57 58
08/06/2011 1290  02 03 14 23 34 50
04/06/2011 1289  01 03 08 13 27 52
01/06/2011 1288  17 30 32 40 42 56
28/05/2011 1287  11 12 31 33 42 52
25/05/2011 1286  02 05 28 33 51 52
21/05/2011 1285  10 15 28 31 33 38
18/05/2011 1284  20 21 26 29 31 36
14/05/2011 1283  08 30 40 44 59 60
11/05/2011 1282  04 23 39 52 55 56
07/05/2011 1281  08 11 14 30 36 38
04/05/2011 1280  06 10 16 20 29 54
30/04/2011 1279  08 14 29 35 36 40
27/04/2011 1278  04 16 24 25 30 56
23/04/2011 1277  12 18 31 50 59 60
20/04/2011 1276  05 09 11 22 36 40
16/04/2011 1275  02 14 48 55 58 60
13/04/2011 1274  13 17 21 39 40 59
09/04/2011 1273  13 19 26 40 58 60
06/04/2011 1272  13 26 27 28 35 52
02/04/2011 1271  01 02 39 48 52 59
30/03/2011 1270  05 09 24 31 33 42
26/03/2011 1269  04 05 15 17 27 51
23/03/2011 1268  03 16 17 44 53 60
19/03/2011 1267  04 20 30 41 47 58
16/03/2011 1266  06 10 33 39 42 60
12/03/2011 1265  13 19 24 46 50 60
09/03/2011 1264  04 17 36 37 51 56
05/03/2011 1263  04 18 26 36 41 53
02/03/2011 1262  05 07 08 09 11 39
26/02/2011 1261  10 14 22 41 42 53
23/02/2011 1260  19 23 29 31 41 53
19/02/2011 1259  04 06 39 46 54 58
16/02/2011 1258  11 26 47 55 57 59
12/02/2011 1257  02 15 26 27 30 52
09/02/2011 1256  26 33 35 38 43 53
05/02/2011 1255  05 23 38 39 51 54
02/02/2011 1254  07 09 14 18 29 39
29/01/2011 1253  02 17 23 43 44 51
26/01/2011 1252  02 14 35 39 49 51
22/01/2011 1251  05 27 34 46 48 52
19/01/2011 1250  01 02 24 40 51 59
15/01/2011 1249  03 08 36 40 51 53
12/01/2011 1248  20 33 34 57 58 60
08/01/2011 1247  03 09 11 24 36 51
05/01/2011 1246  10 37 40 43 57 59
31/12/2010 1245  02 10 34 37 43 50
24/12/2010 1244  02 08 15 25 34 45
22/12/2010 1243  09 19 23 29 32 57
20/12/2010 1242  11 34 45 48 51 54
18/12/2010 1241  10 13 25 26 28 45
15/12/2010 1240  08 09 12 22 42 49
11/12/2010 1239  01 15 37 39 48 52
08/12/2010 1238  13 14 24 39 40 45
04/12/2010 1237  05 18 21 26 39 59
01/12/2010 1236  03 08 17 20 38 53
27/11/2010 1235  10 16 20 26 49 55
24/11/2010 1234  03 05 19 24 30 35
20/11/2010 1233  22 29 32 49 54 59
17/11/2010 1232  08 11 12 15 18 22
13/11/2010 1231  05 20 23 27 39 49
10/11/2010 1230  09 12 19 22 35 37
06/11/2010 1229  12 30 32 40 49 60
03/11/2010 1228  10 23 36 50 52 60
30/10/2010 1227  04 28 30 31 35 54
27/10/2010 1226  10 31 40 50 55 56
23/10/2010 1225  31 32 34 40 50 55
20/10/2010 1224  19 21 27 41 53 57
16/10/2010 1223  15 17 35 42 47 48
13/10/2010 1222  05 08 19 26 48 57
09/10/2010 1221  05 14 37 43 46 58
06/10/2010 1220  05 15 43 48 52 55
02/10/2010 1219  02 33 34 37 41 53
29/09/2010 1218  10 23 29 31 33 46
25/09/2010 1217  05 11 15 28 43 50
22/09/2010 1216  04 07 13 25 27 58
18/09/2010 1215  10 25 30 47 50 51
15/09/2010 1214  05 29 30 36 41 48
11/09/2010 1213  03 11 26 34 45 53
08/09/2010 1212  02 23 33 35 40 50
04/09/2010 1211  03 15 31 36 48 54
01/09/2010 1210  03 07 09 10 31 34
28/08/2010 1209  05 14 17 30 35 38
25/08/2010 1208  01 12 20 26 45 54
21/08/2010 1207  09 11 22 32 35 56
18/08/2010 1206  02 06 11 36 37 48
14/08/2010 1205  04 13 14 26 29 35
11/08/2010 1204  05 10 25 39 43 52
07/08/2010 1203  07 09 30 33 38 55
04/08/2010 1202  08 09 11 48 53 60
31/07/2010 1201  28 32 36 49 55 60
28/07/2010 1200  03 10 11 39 54 56
24/07/2010 1199  16 19 23 28 39 58
21/07/2010 1198  22 29 36 41 48 58
17/07/2010 1197  36 37 39 49 54 60
14/07/2010 1196  03 06 19 20 58 60
10/07/2010 1195  17 20 26 27 55 57
07/07/2010 1194  06 13 24 41 50 53
03/07/2010 1193  02 09 12 14 32 54
30/06/2010 1192  17 20 49 52 57 59
26/06/2010 1191  03 11 16 22 25 33
23/06/2010 1190  10 11 19 37 53 56
19/06/2010 1189  14 21 27 31 35 50
16/06/2010 1188  09 20 44 52 59 60
12/06/2010 1187  08 17 19 40 43 49
09/06/2010 1186  07 08 12 13 15 41
05/06/2010 1185  02 10 21 35 43 54
02/06/2010 1184  04 09 23 27 28 30
29/05/2010 1183  05 10 12 20 29 37
26/05/2010 1182  02 04 29 52 56 60
22/05/2010 1181  18 20 26 31 44 45
19/05/2010 1180  12 30 34 44 57 60
15/05/2010 1179  05 22 28 47 59 60
12/05/2010 1178  01 22 30 45 50 53
08/05/2010 1177  33 38 47 50 52 55
05/05/2010 1176  11 14 21 30 33 49
30/04/2010 1175  02 03 12 16 37 47
28/04/2010 1174  06 07 39 47 51 52
24/04/2010 1173  05 07 24 25 36 47
20/04/2010 1172  06 12 28 43 52 56
17/04/2010 1171  03 10 13 30 41 57
14/04/2010 1170  11 13 27 34 46 49
10/04/2010 1169  01 11 14 23 42 48
07/04/2010 1168  04 05 20 47 53 56
03/04/2010 1167  20 28 43 51 52 56
31/03/2010 1166  22 28 30 31 35 54
27/03/2010 1165  20 40 42 52 54 60
24/03/2010 1164  06 14 17 26 40 49
20/03/2010 1163  05 17 31 47 51 53
17/03/2010 1162  18 22 25 30 31 41
13/03/2010 1161  04 07 42 47 48 51
10/03/2010 1160  01 03 05 18 40 48
06/03/2010 1159  05 06 34 46 53 55
03/03/2010 1158  23 30 31 54 55 60
27/02/2010 1157  09 29 41 43 46 49
24/02/2010 1156  09 24 31 44 48 49
20/02/2010 1155  20 28 40 41 51 58
17/02/2010 1154  04 12 14 21 26 28
13/02/2010 1153  06 17 19 34 46 55
10/02/2010 1152  14 20 29 36 44 47
06/02/2010 1151  01 04 14 21 25 51
03/02/2010 1150  15 17 28 31 35 52
30/01/2010 1149  07 08 23 36 46 54
27/01/2010 1148  27 28 29 32 48 55
23/01/2010 1147  06 23 31 33 39 52
20/01/2010 1146  06 10 28 33 34 53
16/01/2010 1145  03 16 19 24 33 60
13/01/2010 1144  01 10 18 19 44 49
09/01/2010 1143  03 30 35 44 47 60
06/01/2010 1142  03 15 26 28 31 58
02/01/2010 1141  09 37 40 50 58 60
31/12/2009 1140  10 27 40 46 49 58
26/12/2009 1139  09 28 31 36 37 42
24/12/2009 1138  02 04 15 18 25 36
22/12/2009 1137  19 21 25 28 43 50
19/12/2009 1136  07 31 32 34 37 43
16/12/2009 1135  04 05 06 19 23 39
12/12/2009 1134  09 22 29 36 51 56
09/12/2009 1133  05 10 16 21 39 58
05/12/2009 1132  12 27 30 33 52 55
02/12/2009 1131  01 08 16 34 36 49
28/11/2009 1130  05 18 23 32 49 54
25/11/2009 1129  12 17 19 32 47 55
21/11/2009 1128  08 16 24 39 52 60
18/11/2009 1127  05 08 14 24 29 30
14/11/2009 1126  04 31 42 52 57 59
11/11/2009 1125  03 07 29 33 42 56
07/11/2009 1124  07 11 16 18 33 49
04/11/2009 1123  04 14 19 39 45 60
31/10/2009 1122  26 44 46 49 55 56
28/10/2009 1121  04 17 18 54 56 59
24/10/2009 1120  07 35 40 44 50 55
21/10/2009 1119  10 34 41 44 45 54
17/10/2009 1118  08 20 21 43 44 55
14/10/2009 1117  01 06 17 27 35 40
10/10/2009 1116  04 09 13 17 20 47
07/10/2009 1115  18 30 37 41 44 50
03/10/2009 1114  03 15 16 22 25 54
30/09/2009 1113  03 06 29 36 47 59
26/09/2009 1112  04 32 34 43 52 58
23/09/2009 1111  04 09 25 32 33 43
19/09/2009 1110  06 14 26 28 42 45
16/09/2009 1109  06 08 11 14 29 52
12/09/2009 1108  07 09 39 43 44 60
09/09/2009 1107  03 09 20 36 53 54
05/09/2009 1106  04 15 43 47 50 60
02/09/2009 1105  01 15 28 43 50 57
29/08/2009 1104  02 03 06 35 49 58
26/08/2009 1103  10 19 28 41 55 56
22/08/2009 1102  09 11 23 35 46 51
19/08/2009 1101  06 07 10 12 24 57
15/08/2009 1100  07 17 18 33 41 42
12/08/2009 1099  14 31 35 38 44 55
08/08/2009 1098  11 20 21 30 50 52
05/08/2009 1097  01 17 21 33 48 56
01/08/2009 1096  03 13 14 16 41 52
29/07/2009 1095  10 16 21 23 27 36
25/07/2009 1094  09 10 21 36 41 48
22/07/2009 1093  19 23 27 38 41 49
18/07/2009 1092  01 09 30 33 34 40
15/07/2009 1091  17 23 24 27 49 56
11/07/2009 1090  09 20 24 36 40 42
08/07/2009 1089  02 18 20 32 37 48
04/07/2009 1088  06 24 31 35 42 57
01/07/2009 1087  03 20 28 32 36 46
27/06/2009 1086  02 04 06 10 23 45
24/06/2009 1085  12 21 39 40 50 55
20/06/2009 1084  05 20 29 33 40 59
17/06/2009 1083  10 20 23 28 42 43
13/06/2009 1082  04 17 38 40 50 55
10/06/2009 1081  09 16 24 29 52 56
06/06/2009 1080  11 18 20 34 41 56
03/06/2009 1079  05 12 24 28 36 37
30/05/2009 1078  03 06 34 41 43 45
27/05/2009 1077  05 06 09 11 18 37
23/05/2009 1076  04 10 19 32 33 42
20/05/2009 1075  10 12 16 21 39 53
16/05/2009 1074  03 10 23 29 47 50
13/05/2009 1073  08 25 32 34 36 44
09/05/2009 1072  09 18 19 43 47 54
06/05/2009 1071  05 07 37 43 53 54
02/05/2009 1070  05 08 16 23 41 53
29/04/2009 1069  09 17 28 45 49 53
25/04/2009 1068  25 27 44 47 48 57
22/04/2009 1067  04 10 14 25 28 56
18/04/2009 1066  06 10 25 32 43 49
15/04/2009 1065  07 19 30 39 43 57
11/04/2009 1064  04 16 19 28 29 49
08/04/2009 1063  01 22 44 47 49 50
04/04/2009 1062  02 08 23 33 37 55
01/04/2009 1061  09 21 23 30 41 56
28/03/2009 1060  01 03 16 18 41 42
25/03/2009 1059  01 12 14 16 37 45
21/03/2009 1058  18 20 24 45 51 57
18/03/2009 1057  02 03 04 15 49 59
14/03/2009 1056  06 08 38 50 53 59
11/03/2009 1055  12 15 16 20 27 32
07/03/2009 1054  13 14 18 27 41 60
04/03/2009 1053  15 27 34 42 49 53
28/02/2009 1052  08 11 15 16 52 57
25/02/2009 1051  07 10 11 13 43 57
21/02/2009 1050  14 24 26 33 45 60
18/02/2009 1049  02 05 17 29 34 52
14/02/2009 1048  03 16 21 28 38 57
11/02/2009 1047  01 02 08 10 14 48
07/02/2009 1046  28 40 42 54 55 57
04/02/2009 1045  01 05 06 17 31 50
31/01/2009 1044  10 11 13 35 39 58
28/01/2009 1043  14 21 25 48 51 60
24/01/2009 1042  13 18 25 30 46 51
21/01/2009 1041  10 12 36 44 54 57
17/01/2009 1040  01 06 28 39 44 55
14/01/2009 1039  02 20 24 27 36 52
10/01/2009 1038  06 07 28 35 43 51
07/01/2009 1037  04 36 44 46 53 56
03/01/2009 1036  10 27 36 39 41 52
31/12/2008 1035  01 11 26 51 59 60
27/12/2008 1034  01 03 18 20 42 49
24/12/2008 1033  05 06 17 33 39 54
20/12/2008 1032  15 16 26 29 43 57
17/12/2008 1031  24 33 40 43 46 49
13/12/2008 1030  01 08 23 37 54 57
10/12/2008 1029  05 16 17 20 24 32
06/12/2008 1028  20 26 34 51 52 54
03/12/2008 1027  18 20 33 44 47 60
29/11/2008 1026  06 10 17 33 51 53
26/11/2008 1025  10 27 28 29 40 52
22/11/2008 1024  18 22 28 29 39 53
19/11/2008 1023  02 07 08 18 40 45
16/11/2008 1022  05 21 31 39 40 56
12/11/2008 1021  02 33 42 43 51 55
08/11/2008 1020  01 02 19 32 39 52
05/11/2008 1019  04 13 23 29 46 47
01/11/2008 1018  09 24 44 51 55 58
29/10/2008 1017  06 19 31 34 51 56
25/10/2008 1016  05 09 11 20 25 60
22/10/2008 1015  03 08 17 26 28 49
18/10/2008 1014  08 09 25 41 57 60
15/10/2008 1013  07 09 12 19 20 41
11/10/2008 1012  14 19 40 47 55 58
08/10/2008 1011  02 11 21 30 35 52
04/10/2008 1010  02 03 13 37 46 54
01/10/2008 1009  01 06 12 29 34 58
27/09/2008 1008  07 13 15 34 42 48
24/09/2008 1007  04 27 36 37 49 52
20/09/2008 1006  02 04 17 33 48 55
17/09/2008 1005  04 06 12 37 41 42
13/09/2008 1004  29 40 43 44 45 47
10/09/2008 1003  05 10 16 23 26 27
06/09/2008 1002  03 07 25 31 40 58
03/09/2008 1001  12 15 27 37 51 60
30/08/2008 1000  29 38 39 49 53 58
27/08/2008 0999  18 24 36 44 55 58
23/08/2008 0998  03 04 21 22 28 32
20/08/2008 0997  09 17 18 32 53 55
16/08/2008 0996  07 15 20 21 23 29
13/08/2008 0995  04 16 31 36 54 55
09/08/2008 0994  03 20 29 40 44 58
06/08/2008 0993  05 24 25 26 42 60
02/08/2008 0992  01 04 06 08 25 28
30/07/2008 0991  08 09 15 38 41 60
26/07/2008 0990  02 10 15 18 29 39
23/07/2008 0989  02 21 27 29 32 38
19/07/2008 0988  08 17 46 48 56 60
16/07/2008 0987  13 27 31 34 47 58
12/07/2008 0986  06 15 19 24 31 32
09/07/2008 0985  04 16 18 46 56 59
05/07/2008 0984  04 10 20 43 46 47
02/07/2008 0983  16 22 32 38 40 45
28/06/2008 0982  08 12 24 40 43 49
25/06/2008 0981  01 08 34 41 53 58
21/06/2008 0980  15 17 29 35 36 59
18/06/2008 0979  03 15 28 31 39 51
14/06/2008 0978  12 16 18 27 42 58
11/06/2008 0977  03 05 07 09 17 32
07/06/2008 0976  14 23 25 28 38 53
04/06/2008 0975  09 30 33 37 40 41
31/05/2008 0974  12 16 20 31 38 45
28/05/2008 0973  01 08 30 36 47 53
24/05/2008 0972  15 18 31 33 34 56
21/05/2008 0971  04 11 14 33 44 45
17/05/2008 0970  05 21 28 34 54 57
14/05/2008 0969  13 25 35 41 50 56
10/05/2008 0968  01 04 13 30 51 60
07/05/2008 0967  05 13 14 18 30 57
03/05/2008 0966  01 04 26 28 41 58
30/04/2008 0965  05 30 36 39 57 58
26/04/2008 0964  08 13 20 26 33 42
23/04/2008 0963  15 17 37 48 50 59
19/04/2008 0962  02 11 40 48 49 55
16/04/2008 0961  02 04 16 21 36 53
12/04/2008 0960  06 18 19 33 34 53
09/04/2008 0959  03 05 11 33 39 57
05/04/2008 0958  07 13 22 33 48 51
02/04/2008 0957  24 25 32 34 50 57
29/03/2008 0956  46 47 51 54 57 59
26/03/2008 0955  05 12 21 32 33 35
22/03/2008 0954  05 08 18 24 33 57
19/03/2008 0953  01 16 39 42 48 55
15/03/2008 0952  02 11 18 27 30 54
12/03/2008 0951  14 24 34 39 49 55
08/03/2008 0950  23 41 42 48 49 59
05/03/2008 0949  01 23 41 44 51 52
01/03/2008 0948  22 41 44 46 52 54
27/02/2008 0947  03 05 11 14 33 58
23/02/2008 0946  01 05 12 47 52 59
20/02/2008 0945  04 08 27 44 54 59
16/02/2008 0944  16 37 43 52 58 59
13/02/2008 0943  03 12 23 41 47 58
09/02/2008 0942  05 08 18 42 52 59
06/02/2008 0941  10 11 15 27 53 60
02/02/2008 0940  05 25 31 33 37 51
30/01/2008 0939  06 19 23 37 49 50
26/01/2008 0938  15 27 35 50 57 59
23/01/2008 0937  02 21 22 30 41 52
19/01/2008 0936  05 14 22 29 33 44
16/01/2008 0935  07 13 18 29 31 45
12/01/2008 0934  01 03 21 25 44 48
09/01/2008 0933  08 14 25 39 45 51
05/01/2008 0932  02 17 21 36 42 53
31/12/2007 0931  07 17 19 34 36 39
22/12/2007 0930  20 28 37 46 49 55
19/12/2007 0929  16 27 35 39 49 57
15/12/2007 0928  04 10 32 33 49 60
12/12/2007 0927  19 23 26 31 33 36
08/12/2007 0926  21 33 34 40 41 59
05/12/2007 0925  08 22 36 37 46 52
01/12/2007 0924  02 20 21 27 51 60
28/11/2007 0923  02 15 39 50 53 57
24/11/2007 0922  12 13 19 41 45 49
21/11/2007 0921  01 09 35 41 48 57
17/11/2007 0920  05 17 24 52 55 57
14/11/2007 0919  03 25 31 41 43 60
10/11/2007 0918  04 08 12 38 44 52
07/11/2007 0917  23 25 30 46 47 59
03/11/2007 0916  05 28 33 36 37 38
31/10/2007 0915  17 20 26 28 48 49
27/10/2007 0914  09 12 23 33 45 51
24/10/2007 0913  14 30 36 38 46 59
20/10/2007 0912  04 19 21 26 29 54
17/10/2007 0911  01 06 28 29 46 49
13/10/2007 0910  03 15 27 29 36 53
10/10/2007 0909  17 22 26 28 38 42
06/10/2007 0908  01 09 19 25 50 52
03/10/2007 0907  09 36 37 41 51 53
29/09/2007 0906  07 14 24 29 35 39
26/09/2007 0905  02 04 15 16 55 57
22/09/2007 0904  32 44 48 51 53 59
19/09/2007 0903  05 17 20 32 41 55
15/09/2007 0902  18 23 50 52 55 58
12/09/2007 0901  13 16 32 33 34 56
08/09/2007 0900  04 18 21 34 38 59
05/09/2007 0899  18 20 36 53 54 58
01/09/2007 0898  03 04 08 30 45 54
29/08/2007 0897  07 21 22 43 46 57
25/08/2007 0896  05 11 22 31 35 41
22/08/2007 0895  02 41 43 55 57 58
18/08/2007 0894  20 24 28 37 41 44
15/08/2007 0893  03 18 26 51 53 56
11/08/2007 0892  01 19 42 44 49 52
08/08/2007 0891  15 16 19 22 34 35
04/08/2007 0890  07 09 17 21 22 54
01/08/2007 0889  20 24 34 39 54 60
28/07/2007 0888  24 40 50 52 54 60
25/07/2007 0887  01 12 21 32 34 44
21/07/2007 0886  17 33 37 50 55 59
18/07/2007 0885  04 13 31 33 47 51
14/07/2007 0884  02 11 12 14 22 39
11/07/2007 0883  21 32 37 52 53 60
07/07/2007 0882  17 41 42 44 45 60
04/07/2007 0881  04 18 24 43 51 56
30/06/2007 0880  25 30 37 46 49 51
27/06/2007 0879  10 28 29 35 42 46
23/06/2007 0878  11 12 37 38 43 54
20/06/2007 0877  13 15 20 28 31 36
16/06/2007 0876  04 08 12 41 45 60
13/06/2007 0875  18 20 24 36 53 58
09/06/2007 0874  10 20 42 44 52 59
06/06/2007 0873  04 19 30 34 57 59
02/06/2007 0872  05 18 31 43 55 58
30/05/2007 0871  01 05 10 17 47 58
26/05/2007 0870  08 21 34 40 43 52
23/05/2007 0869  27 29 42 49 50 51
19/05/2007 0868  21 22 25 40 51 57
16/05/2007 0867  10 19 26 28 44 54
12/05/2007 0866  05 27 36 40 46 48
09/05/2007 0865  23 26 27 41 51 53
05/05/2007 0864  08 11 31 33 42 57
02/05/2007 0863  15 24 32 50 53 57
28/04/2007 0862  02 08 11 12 19 35
25/04/2007 0861  39 40 42 47 59 60
23/04/2007 0860  02 08 17 22 42 44
18/04/2007 0859  09 12 34 46 47 57
14/04/2007 0858  04 18 23 31 37 54
11/04/2007 0857  02 03 17 49 50 59
07/04/2007 0856  11 15 40 41 42 47
04/04/2007 0855  03 24 31 42 43 53
31/03/2007 0854  03 17 24 25 27 44
28/03/2007 0853  30 38 46 51 56 59
24/03/2007 0852  06 14 23 34 38 44
21/03/2007 0851  03 16 19 32 35 58
17/03/2007 0850  07 22 25 44 59 60
14/03/2007 0849  08 09 39 44 49 58
10/03/2007 0848  17 27 32 34 47 56
07/03/2007 0847  14 15 27 42 44 48
03/03/2007 0846  02 03 44 47 50 54
28/02/2007 0845  14 19 20 40 48 52
24/02/2007 0844  16 24 34 44 54 57
17/02/2007 0843  01 16 34 36 45 48
14/02/2007 0842  07 09 30 44 51 60
10/02/2007 0841  07 22 32 36 38 51
07/02/2007 0840  17 29 31 35 43 59
03/02/2007 0839  07 08 11 18 37 43
31/01/2007 0838  09 23 30 38 44 47
27/01/2007 0837  05 06 16 24 34 60
24/01/2007 0836  17 22 28 38 52 59
20/01/2007 0835  18 31 33 49 57 58
17/01/2007 0834  10 16 17 34 44 51
13/01/2007 0833  13 16 46 53 57 58
10/01/2007 0832  15 17 23 33 39 49
06/01/2007 0831  03 32 33 42 48 50
03/01/2007 0830  02 13 41 49 51 53
31/12/2006 0829  10 14 32 47 50 56
23/12/2006 0828  23 28 38 42 50 53
21/12/2006 0827  18 24 30 42 51 56
19/12/2006 0826  06 07 08 27 45 53
16/12/2006 0825  10 21 28 40 41 47
13/12/2006 0824  06 07 09 20 33 48
09/12/2006 0823  01 15 26 51 54 59
06/12/2006 0822  04 10 17 27 41 52
02/12/2006 0821  04 29 33 36 38 42
29/11/2006 0820  10 17 21 32 45 46
25/11/2006 0819  05 19 25 46 51 58
22/11/2006 0818  08 09 22 25 41 44
18/11/2006 0817  10 29 30 34 43 52
16/11/2006 0816  20 21 30 40 47 52
11/11/2006 0815  09 19 37 39 50 57
08/11/2006 0814  02 08 11 41 46 50
04/11/2006 0813  09 15 23 45 46 56
01/11/2006 0812  11 13 38 39 54 57
28/10/2006 0811  10 28 32 41 47 57
25/10/2006 0810  01 04 05 33 37 48
21/10/2006 0809  05 11 15 23 25 30
18/10/2006 0808  02 15 21 31 46 57
14/10/2006 0807  02 08 27 32 49 56
12/10/2006 0806  18 26 35 41 47 60
07/10/2006 0805  02 30 36 43 48 60
04/10/2006 0804  03 13 37 47 56 59
30/09/2006 0803  03 05 10 21 28 57
27/09/2006 0802  06 14 18 24 48 60
23/09/2006 0801  11 19 20 22 42 48
20/09/2006 0800  01 07 11 37 38 56
16/09/2006 0799  19 29 35 42 55 57
13/09/2006 0798  03 04 09 29 32 52
09/09/2006 0797  06 12 47 48 52 58
06/09/2006 0796  05 19 24 34 39 43
02/09/2006 0795  14 21 26 29 36 48
30/08/2006 0794  03 38 42 47 55 56
26/08/2006 0793  03 15 16 33 51 57
23/08/2006 0792  09 29 34 43 45 56
19/08/2006 0791  09 14 19 35 42 58
16/08/2006 0790  02 06 19 22 28 43
12/08/2006 0789  06 31 38 39 50 60
09/08/2006 0788  17 19 29 31 44 57
05/08/2006 0787  20 31 34 37 54 60
02/08/2006 0786  10 11 26 27 31 41
29/07/2006 0785  05 08 17 35 37 48
26/07/2006 0784  08 27 37 42 53 56
22/07/2006 0783  04 08 21 32 43 48
19/07/2006 0782  02 11 23 35 42 59
15/07/2006 0781  08 10 13 39 54 56
12/07/2006 0780  07 10 28 50 51 59
08/07/2006 0779  25 26 29 36 52 54
05/07/2006 0778  20 31 36 37 45 51
01/07/2006 0777  02 14 23 28 50 56
28/06/2006 0776  03 15 35 41 57 60
24/06/2006 0775  12 27 42 46 47 50
21/06/2006 0774  05 10 37 46 54 58
17/06/2006 0773  03 05 14 29 34 51
14/06/2006 0772  10 35 38 51 52 60
10/06/2006 0771  14 21 29 34 46 47
07/06/2006 0770  04 12 25 34 35 48
03/06/2006 0769  12 16 20 21 29 50
31/05/2006 0768  04 08 30 33 37 59
27/05/2006 0767  15 22 32 38 50 54
24/05/2006 0766  01 19 24 42 50 58
21/05/2006 0765  03 10 16 30 37 50
18/05/2006 0764  03 07 45 47 53 55
13/05/2006 0763  01 09 26 40 47 48
10/05/2006 0762  09 12 21 37 39 54
06/05/2006 0761  13 17 27 29 40 56
03/05/2006 0760  12 17 44 45 46 60
29/04/2006 0759  30 31 39 45 48 59
26/04/2006 0758  01 23 36 43 47 59
22/04/2006 0757  12 17 18 30 32 58
19/04/2006 0756  05 27 37 38 41 50
15/04/2006 0755  04 12 30 47 49 59
12/04/2006 0754  03 04 13 34 42 50
08/04/2006 0753  02 07 22 35 43 59
05/04/2006 0752  04 23 24 25 29 42
01/04/2006 0751  04 07 20 25 38 50
29/03/2006 0750  10 17 33 42 54 58
25/03/2006 0749  04 24 47 48 50 57
22/03/2006 0748  01 02 07 19 35 51
18/03/2006 0747  02 03 12 21 23 56
15/03/2006 0746  01 10 12 25 49 57
11/03/2006 0745  02 16 21 37 43 57
08/03/2006 0744  04 12 23 26 39 46
04/03/2006 0743  20 23 25 32 54 60
01/03/2006 0742  02 07 17 34 41 50
25/02/2006 0741  24 26 27 36 39 59
22/02/2006 0740  12 16 28 29 47 50
18/02/2006 0739  06 10 35 45 49 56
15/02/2006 0738  14 15 26 30 42 54
11/02/2006 0737  11 12 24 32 33 38
08/02/2006 0736  01 21 38 41 49 56
04/02/2006 0735  09 15 38 40 42 52
01/02/2006 0734  27 29 43 44 45 54
28/01/2006 0733  02 12 26 31 43 46
25/01/2006 0732  06 17 19 49 50 53
21/01/2006 0731  06 15 16 23 28 35
18/01/2006 0730  02 15 16 45 50 54
14/01/2006 0729  05 18 33 43 56 57
11/01/2006 0728  08 13 24 32 42 44
07/01/2006 0727  04 12 14 30 42 59
04/01/2006 0726  01 05 07 37 40 47
31/12/2005 0725  03 09 35 37 41 49
21/12/2005 0724  17 27 34 48 51 55
17/12/2005 0723  01 06 16 36 50 52
14/12/2005 0722  09 18 36 44 57 60
10/12/2005 0721  03 14 23 25 36 55
07/12/2005 0720  12 31 44 51 54 56
03/12/2005 0719  03 32 37 39 47 53
30/11/2005 0718  07 21 33 35 39 58
26/11/2005 0717  06 17 23 28 35 41
23/11/2005 0716  02 07 16 29 32 50
19/11/2005 0715  04 12 24 33 36 54
16/11/2005 0714  07 08 17 35 39 53
12/11/2005 0713  01 12 16 26 46 54
09/11/2005 0712  07 08 35 43 53 58
05/11/2005 0711  05 10 33 40 41 59
29/10/2005 0710  05 25 34 39 46 49
26/10/2005 0709  04 06 09 22 29 44
22/10/2005 0708  07 09 13 39 45 47
19/10/2005 0707  01 08 10 36 43 51
15/10/2005 0706  02 07 10 17 22 60
08/10/2005 0705  03 11 13 15 26 43
05/10/2005 0704  02 04 18 27 34 50
01/10/2005 0703  02 11 24 27 30 45
28/09/2005 0702  01 18 45 56 57 58
24/09/2005 0701  01 13 23 31 48 60
21/09/2005 0700  02 03 14 24 31 40
19/09/2005 0699  17 23 48 50 53 54
14/09/2005 0698  08 12 22 27 43 55
10/09/2005 0697  28 31 32 35 51 53
03/09/2005 0696  09 16 34 37 53 57
31/08/2005 0695  06 11 13 21 40 52
27/08/2005 0694  15 19 29 37 41 53
24/08/2005 0693  13 14 17 31 41 50
20/08/2005 0692  11 18 33 57 58 60
17/08/2005 0691  08 16 37 50 55 58
13/08/2005 0690  08 12 15 41 47 53
10/08/2005 0689  06 07 31 49 51 60
06/08/2005 0688  11 21 30 35 47 52
03/08/2005 0687  01 07 14 41 48 59
30/07/2005 0686  04 05 15 26 33 54
27/07/2005 0685  05 12 27 33 43 56
23/07/2005 0684  17 19 33 37 40 50
20/07/2005 0683  02 11 12 35 40 43
16/07/2005 0682  04 27 36 37 47 60
13/07/2005 0681  21 25 38 53 58 59
09/07/2005 0680  02 03 05 22 26 44
06/07/2005 0679  03 21 25 37 54 58
02/07/2005 0678  14 31 40 42 44 46
29/06/2005 0677  08 10 25 32 48 55
25/06/2005 0676  09 15 32 41 42 49
22/06/2005 0675  24 25 30 42 43 50
18/06/2005 0674  18 22 29 32 38 42
15/06/2005 0673  06 11 20 34 37 40
11/06/2005 0672  24 28 34 38 43 53
08/06/2005 0671  09 16 27 38 39 51
04/06/2005 0670  22 37 42 48 58 59
01/06/2005 0669  07 24 27 40 41 49
28/05/2005 0668  01 02 14 33 49 56
25/05/2005 0667  01 04 05 16 23 49
21/05/2005 0666  07 16 26 29 45 55
18/05/2005 0665  07 08 18 25 47 48
14/05/2005 0664  01 12 36 38 55 59
11/05/2005 0663  01 27 30 49 51 55
07/05/2005 0662  04 18 23 25 56 60
04/05/2005 0661  04 27 36 40 42 55
30/04/2005 0660  05 11 38 46 53 54
27/04/2005 0659  14 29 34 40 51 52
23/04/2005 0658  03 06 11 20 36 41
20/04/2005 0657  16 20 33 58 59 60
16/04/2005 0656  35 36 37 46 51 59
13/04/2005 0655  01 26 37 39 43 48
09/04/2005 0654  06 10 11 40 41 56
06/04/2005 0653  05 09 19 24 31 34
02/04/2005 0652  10 18 20 24 56 57
30/03/2005 0651  26 28 39 45 48 60
26/03/2005 0650  10 24 25 29 53 59
23/03/2005 0649  09 24 33 41 48 54
19/03/2005 0648  05 23 29 42 45 48
16/03/2005 0647  11 12 14 19 54 56
12/03/2005 0646  10 13 32 47 49 60
09/03/2005 0645  03 24 48 52 53 54
05/03/2005 0644  14 27 29 31 34 57
02/03/2005 0643  14 24 37 40 42 45
26/02/2005 0642  17 36 40 44 51 56
23/02/2005 0641  01 09 13 17 33 34
19/02/2005 0640  12 19 42 46 59 60
16/02/2005 0639  13 35 39 45 51 60
12/02/2005 0638  10 11 36 41 42 50
05/02/2005 0637  11 18 43 48 52 58
02/02/2005 0636  26 28 30 32 34 50
29/01/2005 0635  08 20 26 37 42 49
26/01/2005 0634  10 13 24 41 42 56
22/01/2005 0633  05 11 22 27 46 50
19/01/2005 0632  02 19 28 48 51 54
15/01/2005 0631  01 20 28 32 44 47
12/01/2005 0630  12 16 20 45 53 60
08/01/2005 0629  15 16 39 40 47 51
05/01/2005 0628  08 16 22 30 56 58
29/12/2004 0627  01 13 19 45 56 58
22/12/2004 0626  07 08 18 22 39 49
18/12/2004 0625  12 24 32 40 42 59
15/12/2004 0624  08 23 34 39 43 52
11/12/2004 0623  09 23 30 42 49 55
08/12/2004 0622  19 27 29 38 50 59
04/12/2004 0621  26 29 31 49 50 57
01/12/2004 0620  01 03 13 22 29 32
27/11/2004 0619  08 12 14 16 19 46
24/11/2004 0618  03 08 10 13 24 60
20/11/2004 0617  03 05 25 33 36 49
17/11/2004 0616  02 12 16 24 26 54
13/11/2004 0615  05 08 10 27 31 51
10/11/2004 0614  12 16 31 48 57 60
06/11/2004 0613  06 13 19 44 54 55
03/11/2004 0612  15 18 33 50 53 55
30/10/2004 0611  16 21 22 33 48 49
27/10/2004 0610  25 30 43 45 47 49
23/10/2004 0609  02 06 15 58 59 60
20/10/2004 0608  06 13 19 24 30 37
16/10/2004 0607  06 11 19 27 41 59
13/10/2004 0606  06 23 32 35 41 55
09/10/2004 0605  04 24 44 49 52 53
06/10/2004 0604  15 25 41 46 49 51
02/10/2004 0603  04 08 11 12 29 44
29/09/2004 0602  07 13 38 46 55 60
25/09/2004 0601  10 19 22 29 30 37
22/09/2004 0600  16 18 31 34 39 54
18/09/2004 0599  04 06 09 23 45 51
15/09/2004 0598  05 16 34 38 50 53
11/09/2004 0597  22 27 29 40 42 56
08/09/2004 0596  11 14 28 43 54 60
04/09/2004 0595  01 02 25 43 50 54
01/09/2004 0594  10 13 29 47 53 55
28/08/2004 0593  01 25 27 29 49 59
25/08/2004 0592  13 14 42 47 55 59
21/08/2004 0591  01 03 18 34 50 58
18/08/2004 0590  04 05 18 25 28 51
14/08/2004 0589  06 07 08 13 33 59
11/08/2004 0588  11 13 45 46 53 55
07/08/2004 0587  02 18 29 30 36 60
04/08/2004 0586  11 13 38 39 45 54
31/07/2004 0585  12 24 33 36 39 57
28/07/2004 0584  07 08 23 30 32 53
24/07/2004 0583  06 07 20 41 43 55
21/07/2004 0582  13 29 40 45 51 59
17/07/2004 0581  14 17 25 30 39 52
14/07/2004 0580  15 16 18 28 38 47
10/07/2004 0579  04 09 15 17 34 39
07/07/2004 0578  03 18 23 48 56 58
03/07/2004 0577  08 23 24 28 31 47
30/06/2004 0576  07 08 18 39 43 52
26/06/2004 0575  05 18 21 29 35 48
23/06/2004 0574  02 10 17 23 32 44
19/06/2004 0573  06 17 22 29 40 59
16/06/2004 0572  03 09 16 20 33 60
12/06/2004 0571  12 13 14 31 50 51
09/06/2004 0570  15 32 33 35 36 51
05/06/2004 0569  03 09 14 15 32 57
02/06/2004 0568  13 17 22 25 29 41
29/05/2004 0567  11 31 38 41 57 58
26/05/2004 0566  06 13 17 18 20 37
22/05/2004 0565  07 31 34 35 37 45
19/05/2004 0564  10 13 20 32 38 49
15/05/2004 0563  05 08 23 34 44 51
12/05/2004 0562  16 23 35 37 55 57
08/05/2004 0561  01 20 36 39 49 55
05/05/2004 0560  02 11 18 30 32 58
01/05/2004 0559  06 13 17 25 36 53
28/04/2004 0558  07 14 31 57 58 59
24/04/2004 0557  08 12 18 23 38 49
21/04/2004 0556  08 10 17 30 33 45
17/04/2004 0555  05 23 31 33 45 49
14/04/2004 0554  15 29 31 42 47 60
10/04/2004 0553  04 43 46 53 54 58
07/04/2004 0552  09 22 47 49 52 54
03/04/2004 0551  12 21 46 48 56 57
31/03/2004 0550  16 17 38 39 45 56
27/03/2004 0549  08 13 22 46 51 58
24/03/2004 0548  14 47 49 51 58 59
20/03/2004 0547  04 13 28 30 53 59
17/03/2004 0546  04 05 13 17 46 54
13/03/2004 0545  17 29 35 40 43 57
10/03/2004 0544  11 17 33 34 47 56
06/03/2004 0543  35 37 42 46 49 54
03/03/2004 0542  04 06 19 28 35 49
28/02/2004 0541  13 27 49 52 57 58
21/02/2004 0540  04 22 28 30 44 49
18/02/2004 0539  06 16 19 47 50 55
14/02/2004 0538  03 25 43 45 52 56
11/02/2004 0537  03 07 19 34 37 39
07/02/2004 0536  14 15 22 23 25 37
04/02/2004 0535  06 14 28 47 49 56
31/01/2004 0534  03 08 23 31 48 57
28/01/2004 0533  13 18 21 27 53 59
24/01/2004 0532  04 09 12 13 52 53
21/01/2004 0531  01 03 07 18 35 50
17/01/2004 0530  01 06 21 25 32 49
14/01/2004 0529  01 13 33 38 45 56
10/01/2004 0528  08 12 28 31 34 37
07/01/2004 0527  06 14 17 26 50 52
03/01/2004 0526  03 21 31 36 55 59
27/12/2003 0525  08 10 24 26 32 49
20/12/2003 0524  19 29 34 41 47 48
17/12/2003 0523  28 39 40 44 45 58
13/12/2003 0522  06 14 15 25 49 52
10/12/2003 0521  15 25 28 32 38 45
06/12/2003 0520  09 12 17 32 34 35
03/12/2003 0519  09 15 19 22 36 42
29/11/2003 0518  05 08 10 15 18 44
26/11/2003 0517  07 08 28 32 38 51
22/11/2003 0516  05 13 24 33 34 35
19/11/2003 0515  15 16 39 45 48 57
15/11/2003 0514  15 36 40 42 51 52
12/11/2003 0513  10 19 27 33 39 46
08/11/2003 0512  04 08 31 40 53 58
05/11/2003 0511  03 04 08 34 36 37
01/11/2003 0510  01 04 30 41 45 58
29/10/2003 0509  28 32 33 34 35 55
25/10/2003 0508  05 10 15 45 46 56
22/10/2003 0507  03 05 27 33 44 58
18/10/2003 0506  04 15 31 34 37 38
15/10/2003 0505  03 20 28 46 47 52
11/10/2003 0504  08 11 19 30 39 50
08/10/2003 0503  07 10 21 27 48 49
04/10/2003 0502  07 13 21 24 33 50
01/10/2003 0501  16 27 28 34 39 56
27/09/2003 0500  21 29 35 36 38 54
20/09/2003 0499  01 04 05 11 44 59
17/09/2003 0498  02 06 28 49 50 57
13/09/2003 0497  09 13 20 32 41 58
10/09/2003 0496  10 19 20 29 41 59
06/09/2003 0495  08 15 29 36 49 60
03/09/2003 0494  18 20 28 32 49 53
30/08/2003 0493  03 18 20 24 42 54
27/08/2003 0492  02 06 15 18 56 57
23/08/2003 0491  01 09 15 22 43 55
20/08/2003 0490  05 11 23 29 54 58
16/08/2003 0489  17 28 33 36 53 59
13/08/2003 0488  15 30 35 39 43 57
09/08/2003 0487  08 22 25 48 52 54
06/08/2003 0486  08 14 19 30 42 50
02/08/2003 0485  19 28 30 38 52 57
30/07/2003 0484  17 18 19 38 49 53
26/07/2003 0483  16 18 23 35 44 59
23/07/2003 0482  12 13 33 53 54 56
19/07/2003 0481  06 13 22 24 42 44
16/07/2003 0480  14 33 36 38 41 49
12/07/2003 0479  20 26 41 46 54 58
09/07/2003 0478  03 08 21 25 30 31
05/07/2003 0477  06 08 18 34 38 47
02/07/2003 0476  17 20 38 43 55 58
28/06/2003 0475  06 08 19 22 43 52
25/06/2003 0474  03 12 32 34 40 50
21/06/2003 0473  07 23 41 49 51 58
18/06/2003 0472  03 04 12 29 38 51
14/06/2003 0471  05 31 32 36 51 59
11/06/2003 0470  08 11 23 37 51 58
07/06/2003 0469  13 21 26 29 42 47
04/06/2003 0468  05 06 23 25 39 51
31/05/2003 0467  08 18 21 22 38 60
28/05/2003 0466  11 16 28 29 30 45
24/05/2003 0465  01 22 31 46 51 57
21/05/2003 0464  06 24 33 38 45 50
17/05/2003 0463  02 03 07 18 45 53
14/05/2003 0462  17 19 22 26 27 48
10/05/2003 0461  15 17 20 29 30 60
07/05/2003 0460  19 23 30 37 49 55
03/05/2003 0459  08 15 17 39 43 49
30/04/2003 0458  13 24 32 34 43 53
26/04/2003 0457  15 17 24 27 32 48
23/04/2003 0456  03 17 22 27 33 40
19/04/2003 0455  02 14 15 17 50 59
16/04/2003 0454  04 17 24 42 46 56
12/04/2003 0453  08 20 23 34 52 58
09/04/2003 0452  11 16 30 36 51 54
05/04/2003 0451  17 18 23 28 31 53
02/04/2003 0450  01 09 13 50 51 59
29/03/2003 0449  01 08 24 34 49 56
26/03/2003 0448  03 05 09 45 51 52
22/03/2003 0447  15 24 25 33 42 55
19/03/2003 0446  08 11 12 17 20 47
15/03/2003 0445  07 20 31 32 50 53
12/03/2003 0444  03 24 33 48 52 57
08/03/2003 0443  11 17 26 36 48 52
01/03/2003 0442  06 15 23 31 37 59
26/02/2003 0441  02 10 15 21 58 59
22/02/2003 0440  03 05 23 30 46 47
19/02/2003 0439  13 20 29 42 43 57
15/02/2003 0438  03 05 11 14 38 48
12/02/2003 0437  07 10 30 44 54 59
08/02/2003 0436  01 06 07 29 48 57
05/02/2003 0435  10 11 17 31 37 43
01/02/2003 0434  04 10 17 24 30 54
29/01/2003 0433  16 17 28 30 36 54
25/01/2003 0432  04 13 17 27 39 50
22/01/2003 0431  26 37 40 47 52 58
18/01/2003 0430  08 10 21 25 38 50
15/01/2003 0429  17 26 32 36 43 55
11/01/2003 0428  08 28 30 32 46 60
08/01/2003 0427  03 13 14 24 43 51
04/01/2003 0426  07 30 32 37 50 54
28/12/2002 0425  06 10 16 34 42 47
21/12/2002 0424  18 27 29 36 46 59
18/12/2002 0423  08 22 32 33 40 53
14/12/2002 0422  12 37 43 55 56 60
11/12/2002 0421  05 35 37 38 45 51
07/12/2002 0420  12 29 30 43 57 59
04/12/2002 0419  09 16 41 42 52 53
30/11/2002 0418  08 15 32 45 49 52
27/11/2002 0417  07 12 21 25 34 42
23/11/2002 0416  01 13 23 33 54 56
20/11/2002 0415  01 04 27 38 42 44
16/11/2002 0414  16 26 35 45 52 58
13/11/2002 0413  02 04 29 33 35 53
09/11/2002 0412  05 12 14 21 45 59
06/11/2002 0411  10 12 31 38 45 56
02/11/2002 0410  08 24 31 36 38 55
30/10/2002 0409  18 25 26 31 34 49
26/10/2002 0408  14 28 33 44 49 56
23/10/2002 0407  02 18 22 49 51 57
19/10/2002 0406  02 12 32 38 47 48
16/10/2002 0405  24 29 34 47 57 60
12/10/2002 0404  01 24 28 38 40 58
09/10/2002 0403  07 16 27 31 46 60
05/10/2002 0402  05 16 27 43 56 58
02/10/2002 0401  11 18 43 44 50 53
28/09/2002 0400  10 13 28 29 54 59
25/09/2002 0399  11 16 27 47 55 59
21/09/2002 0398  07 16 22 28 36 37
18/09/2002 0397  01 02 05 24 32 46
14/09/2002 0396  06 18 34 42 45 47
11/09/2002 0395  10 11 14 20 31 58
07/09/2002 0394  05 15 35 42 45 49
04/09/2002 0393  06 12 35 36 40 50
31/08/2002 0392  15 23 31 39 47 49
28/08/2002 0391  04 07 15 16 35 40
24/08/2002 0390  07 12 22 34 38 53
21/08/2002 0389  05 14 18 43 46 54
17/08/2002 0388  23 36 48 52 53 58
14/08/2002 0387  22 28 29 43 47 48
10/08/2002 0386  17 35 36 39 43 54
07/08/2002 0385  05 12 16 18 22 24
03/08/2002 0384  24 28 40 47 50 52
31/07/2002 0383  14 22 48 50 53 56
27/07/2002 0382  31 34 37 38 53 54
24/07/2002 0381  09 10 28 46 55 56
20/07/2002 0380  13 22 30 31 47 57
17/07/2002 0379  24 33 40 41 55 59
13/07/2002 0378  05 38 41 45 48 55
10/07/2002 0377  03 12 19 27 45 46
06/07/2002 0376  10 13 25 35 43 48
03/07/2002 0375  01 05 09 42 51 58
29/06/2002 0374  02 05 16 26 44 54
26/06/2002 0373  01 05 10 24 31 33
22/06/2002 0372  16 17 24 39 46 57
19/06/2002 0371  04 18 23 33 39 60
15/06/2002 0370  01 04 40 42 51 54
12/06/2002 0369  01 14 21 35 42 60
08/06/2002 0368  13 29 32 38 44 50
05/06/2002 0367  10 12 27 33 49 52
01/06/2002 0366  04 06 07 15 21 51
29/05/2002 0365  19 23 34 37 52 58
25/05/2002 0364  05 29 44 51 57 59
22/05/2002 0363  19 29 39 47 49 54
18/05/2002 0362  07 20 33 37 46 56
15/05/2002 0361  16 28 31 41 45 59
11/05/2002 0360  23 24 29 47 53 55
08/05/2002 0359  13 19 20 29 31 54
04/05/2002 0358  12 17 21 32 40 42
27/04/2002 0357  02 30 32 35 45 53
24/04/2002 0356  05 19 21 54 56 58
20/04/2002 0355  02 14 22 23 37 60
17/04/2002 0354  07 16 38 40 41 52
13/04/2002 0353  19 23 30 46 55 60
10/04/2002 0352  07 20 25 44 47 49
06/04/2002 0351  15 16 24 41 59 60
03/04/2002 0350  10 15 23 30 43 57
30/03/2002 0349  08 09 28 32 38 54
27/03/2002 0348  19 30 33 39 40 52
23/03/2002 0347  01 10 12 26 48 52
20/03/2002 0346  07 12 41 46 56 60
16/03/2002 0345  11 22 46 51 56 58
13/03/2002 0344  10 12 14 33 35 36
09/03/2002 0343  04 06 07 12 24 41
06/03/2002 0342  16 29 34 49 51 54
02/03/2002 0341  05 16 22 23 43 56
27/02/2002 0340  09 10 12 33 42 60
23/02/2002 0339  05 12 13 16 27 50
20/02/2002 0338  01 04 09 36 46 48
16/02/2002 0337  04 14 16 31 52 54
09/02/2002 0336  02 18 22 26 30 54
06/02/2002 0335  07 23 33 43 57 59
02/02/2002 0334  14 23 24 26 41 51
30/01/2002 0333  04 27 35 44 52 53
26/01/2002 0332  23 28 29 34 42 44
23/01/2002 0331  01 13 20 27 35 37
19/01/2002 0330  02 04 14 23 37 51
16/01/2002 0329  10 11 12 24 35 40
12/01/2002 0328  05 07 14 21 23 51
09/01/2002 0327  29 32 33 38 46 48
05/01/2002 0326  21 23 40 44 51 52
29/12/2001 0325  01 03 04 21 23 53
22/12/2001 0324  08 15 22 25 30 47
19/12/2001 0323  26 31 33 40 49 54
15/12/2001 0322  11 18 29 44 47 56
12/12/2001 0321  04 11 31 32 48 49
08/12/2001 0320  20 22 27 47 50 53
05/12/2001 0319  12 16 17 19 23 48
01/12/2001 0318  03 19 20 31 40 53
28/11/2001 0317  16 20 27 30 35 48
24/11/2001 0316  06 24 28 43 51 56
21/11/2001 0315  12 21 22 28 43 50
17/11/2001 0314  05 32 34 37 40 58
14/11/2001 0313  14 16 24 37 38 53
10/11/2001 0312  14 23 30 41 47 50
07/11/2001 0311  22 24 30 32 38 41
03/11/2001 0310  02 14 28 29 31 32
31/10/2001 0309  04 11 25 39 50 55
27/10/2001 0308  04 11 25 29 39 55
24/10/2001 0307  13 16 17 26 41 44
20/10/2001 0306  19 30 41 47 56 57
17/10/2001 0305  05 11 27 38 53 60
13/10/2001 0304  07 11 34 41 42 59
10/10/2001 0303  07 13 17 30 37 47
06/10/2001 0302  12 25 30 40 41 60
03/10/2001 0301  09 26 48 49 57 58
29/09/2001 0300  24 27 28 38 41 57
26/09/2001 0299  02 05 07 33 49 53
22/09/2001 0298  05 22 23 24 34 60
19/09/2001 0297  01 20 28 33 36 41
15/09/2001 0296  03 20 42 46 51 52
12/09/2001 0295  07 12 24 31 44 50
08/09/2001 0294  22 25 28 41 45 57
05/09/2001 0293  05 06 07 12 28 35
01/09/2001 0292  13 23 24 34 45 53
29/08/2001 0291  05 16 17 18 22 41
25/08/2001 0290  07 25 26 30 40 57
22/08/2001 0289  06 07 20 25 30 36
18/08/2001 0288  06 09 11 17 18 50
15/08/2001 0287  03 13 25 33 47 60
11/08/2001 0286  29 35 37 44 47 56
08/08/2001 0285  12 32 37 41 50 56
04/08/2001 0284  07 08 14 30 32 36
01/08/2001 0283  25 28 34 42 48 54
28/07/2001 0282  09 14 23 24 33 36
21/07/2001 0281  05 11 31 38 47 53
14/07/2001 0280  05 16 20 25 30 58
07/07/2001 0279  04 23 31 47 58 59
30/06/2001 0278  10 15 18 22 31 55
23/06/2001 0277  04 26 38 40 52 56
16/06/2001 0276  22 39 45 53 57 59
09/06/2001 0275  16 19 30 37 38 48
02/06/2001 0274  11 13 18 26 39 47
26/05/2001 0273  10 17 23 27 47 52
19/05/2001 0272  09 10 24 36 56 58
12/05/2001 0271  14 24 26 29 31 54
05/05/2001 0270  05 09 27 35 40 45
28/04/2001 0269  17 18 19 25 49 52
21/04/2001 0268  05 06 10 21 33 47
14/04/2001 0267  01 08 45 46 55 58
07/04/2001 0266  02 23 38 46 48 54
31/03/2001 0265  07 16 34 41 50 53
24/03/2001 0264  01 05 13 25 31 33
17/03/2001 0263  08 09 26 43 50 53
10/03/2001 0262  11 20 48 53 58 60
03/03/2001 0261  05 16 20 30 54 56
24/02/2001 0260  04 06 33 43 59 60
17/02/2001 0259  13 15 20 33 43 58
10/02/2001 0258  07 12 50 54 55 60
03/02/2001 0257  01 04 05 19 28 34
27/01/2001 0256  02 21 26 32 34 52
20/01/2001 0255  16 19 20 32 44 55
13/01/2001 0254  01 04 21 22 30 56
06/01/2001 0253  11 12 24 37 44 56
30/12/2000 0252  04 17 26 32 51 54
23/12/2000 0251  15 23 30 34 49 55
16/12/2000 0250  07 25 41 42 43 55
09/12/2000 0249  21 36 40 49 54 55
02/12/2000 0248  16 32 34 35 41 56
25/11/2000 0247  03 10 23 30 34 46
18/11/2000 0246  02 16 32 37 43 57
11/11/2000 0245  08 27 44 51 53 60
04/11/2000 0244  19 24 33 47 50 60
28/10/2000 0243  11 16 20 23 32 47
21/10/2000 0242  04 07 21 22 28 56
14/10/2000 0241  11 31 35 40 56 57
07/10/2000 0240  25 28 38 41 57 59
30/09/2000 0239  06 21 33 44 46 47
23/09/2000 0238  09 13 15 37 41 42
16/09/2000 0237  07 31 36 45 56 57
09/09/2000 0236  10 25 50 52 57 60
02/09/2000 0235  02 22 29 31 41 55
26/08/2000 0234  15 25 41 42 45 54
19/08/2000 0233  03 07 24 32 36 45
12/08/2000 0232  19 22 29 37 41 59
05/08/2000 0231  16 27 36 42 44 59
29/07/2000 0230  08 40 41 44 53 56
22/07/2000 0229  11 13 21 33 39 45
15/07/2000 0228  13 16 40 43 45 59
08/07/2000 0227  11 26 27 37 42 48
01/07/2000 0226  01 02 38 49 50 59
24/06/2000 0225  02 04 16 21 37 58
17/06/2000 0224  07 16 18 20 21 44
10/06/2000 0223  02 06 22 24 28 58
03/06/2000 0222  05 19 30 48 52 55
27/05/2000 0221  13 27 43 50 54 58
20/05/2000 0220  13 14 36 53 55 60
13/05/2000 0219  23 26 28 36 42 49
06/05/2000 0218  12 17 40 42 47 54
29/04/2000 0217  03 27 32 45 49 51
22/04/2000 0216  14 18 30 35 42 59
15/04/2000 0215  07 28 37 46 53 58
08/04/2000 0214  06 12 30 31 35 50
01/04/2000 0213  03 09 23 30 32 35
25/03/2000 0212  06 15 29 45 57 59
18/03/2000 0211  10 20 33 40 45 50
11/03/2000 0210  20 32 37 38 48 58
04/03/2000 0209  13 21 26 32 41 52
26/02/2000 0208  15 23 24 25 47 57
19/02/2000 0207  03 07 19 24 53 55
12/02/2000 0206  18 20 26 34 51 56
05/02/2000 0205  26 32 40 43 46 54
29/01/2000 0204  29 31 39 41 51 58
22/01/2000 0203  11 19 29 44 47 55
15/01/2000 0202  12 24 44 45 49 53
08/01/2000 0201  05 20 22 30 35 55
31/12/1999 0200  12 15 19 34 44 51
24/12/1999 0199  10 16 37 50 52 57
18/12/1999 0198  01 08 18 23 35 40
11/12/1999 0197  05 12 15 19 29 52
04/12/1999 0196  07 09 14 17 24 32
27/11/1999 0195  03 09 17 32 37 44
20/11/1999 0194  25 28 32 33 42 43
13/11/1999 0193  04 11 12 19 43 49
06/11/1999 0192  01 26 28 41 54 60
31/10/1999 0191  01 03 05 23 41 58
24/10/1999 0190  05 10 21 32 40 42
16/10/1999 0189  04 15 31 38 41 53
10/10/1999 0188  17 27 34 42 43 46
02/10/1999 0187  06 36 41 44 48 58
25/09/1999 0186  14 23 24 25 26 51
18/09/1999 0185  17 22 43 46 55 59
11/09/1999 0184  09 16 21 34 41 60
04/09/1999 0183  02 07 11 16 40 44
28/08/1999 0182  03 05 10 28 46 60
21/08/1999 0181  01 27 33 35 51 55
14/08/1999 0180  06 23 29 39 51 60
07/08/1999 0179  05 06 23 26 27 53
31/07/1999 0178  05 15 19 26 27 33
24/07/1999 0177  22 35 38 39 41 59
17/07/1999 0176  01 03 04 28 45 53
10/07/1999 0175  01 10 13 20 42 50
03/07/1999 0174  11 22 23 36 52 59
26/06/1999 0173  17 28 29 42 49 50
19/06/1999 0172  10 14 26 35 36 49
12/06/1999 0171  04 27 40 43 46 54
05/06/1999 0170  07 41 46 51 55 58
29/05/1999 0169  01 13 21 37 51 52
22/05/1999 0168  02 09 31 35 45 50
15/05/1999 0167  01 11 28 33 38 48
08/05/1999 0166  12 13 22 57 59 60
01/05/1999 0165  10 19 23 35 39 56
24/04/1999 0164  04 10 14 19 28 44
17/04/1999 0163  08 27 36 41 53 56
10/04/1999 0162  21 23 33 38 48 51
03/04/1999 0161  06 25 30 37 39 41
27/03/1999 0160  02 13 42 52 54 58
20/03/1999 0159  09 11 16 35 50 58
13/03/1999 0158  04 14 17 43 51 58
06/03/1999 0157  04 13 17 21 41 44
27/02/1999 0156  17 23 42 49 52 55
20/02/1999 0155  12 30 32 35 43 44
13/02/1999 0154  08 10 24 33 45 48
06/02/1999 0153  02 30 31 42 45 47
30/01/1999 0152  05 12 15 29 51 58
23/01/1999 0151  03 16 20 43 52 56
16/01/1999 0150  12 44 50 52 54 55
09/01/1999 0149  07 11 20 28 45 48
31/12/1998 0148  32 35 41 55 58 59
24/12/1998 0147  06 16 23 24 28 38
19/12/1998 0146  25 32 34 42 51 60
12/12/1998 0145  15 16 31 41 43 51
05/12/1998 0144  08 32 36 44 45 55
28/11/1998 0143  06 18 20 40 50 53
21/11/1998 0142  08 15 19 20 54 59
14/11/1998 0141  10 13 22 41 42 58
07/11/1998 0140  07 31 41 44 46 55
31/10/1998 0139  03 13 26 27 41 42
24/10/1998 0138  05 14 27 37 40 41
17/10/1998 0137  15 16 19 22 26 49
10/10/1998 0136  01 17 25 38 45 59
03/10/1998 0135  21 22 35 40 53 59
26/09/1998 0134  04 25 32 36 52 60
19/09/1998 0133  05 06 19 34 39 57
12/09/1998 0132  07 09 35 41 44 50
05/09/1998 0131  04 09 17 27 30 44
29/08/1998 0130  13 29 38 42 49 53
22/08/1998 0129  01 09 10 32 46 54
15/08/1998 0128  03 09 18 21 23 43
08/08/1998 0127  21 29 50 51 54 59
01/08/1998 0126  06 10 11 28 32 40
25/07/1998 0125  25 41 47 53 56 59
18/07/1998 0124  05 15 34 41 52 57
11/07/1998 0123  13 14 16 26 32 42
04/07/1998 0122  11 17 20 39 43 53
27/06/1998 0121  02 29 41 44 53 55
20/06/1998 0120  03 16 27 40 45 46
13/06/1998 0119  01 21 36 38 47 50
06/06/1998 0118  09 22 25 37 56 57
30/05/1998 0117  20 25 27 33 42 53
23/05/1998 0116  05 13 32 36 42 51
16/05/1998 0115  04 06 14 20 24 38
09/05/1998 0114  06 12 18 37 47 54
02/05/1998 0113  07 26 28 34 54 55
25/04/1998 0112  12 20 34 37 42 43
18/04/1998 0111  04 22 25 32 33 52
11/04/1998 0110  18 31 43 52 57 58
04/04/1998 0109  01 13 44 48 49 54
29/03/1998 0108  21 24 29 34 59 60
22/03/1998 0107  02 04 16 24 51 52
15/03/1998 0106  05 16 24 35 38 39
08/03/1998 0105  03 13 31 43 46 49
01/03/1998 0104  01 04 13 21 38 52
22/02/1998 0103  01 07 09 49 54 57
15/02/1998 0102  19 20 37 42 44 56
08/02/1998 0101  01 18 29 31 37 39
01/02/1998 0100  14 29 30 46 48 51
25/01/1998 0099  11 24 30 33 46 60
18/01/1998 0098  13 14 31 33 35 43
11/01/1998 0097  05 11 14 35 53 56
04/01/1998 0096  04 07 26 40 42 58
28/12/1997 0095  06 40 45 46 50 60
21/12/1997 0094  08 18 28 51 52 55
14/12/1997 0093  02 22 28 31 36 53
07/12/1997 0092  01 03 05 23 24 51
30/11/1997 0091  02 04 10 35 39 60
23/11/1997 0090  09 21 26 40 52 54
16/11/1997 0089  13 34 42 44 55 59
09/11/1997 0088  04 18 29 37 43 45
02/11/1997 0087  04 05 11 28 32 40
26/10/1997 0086  06 21 22 34 36 54
19/10/1997 0085  06 15 30 37 45 47
12/10/1997 0084  04 06 10 25 34 40
05/10/1997 0083  04 15 16 24 42 57
28/09/1997 0082  15 18 29 36 51 53
21/09/1997 0081  10 23 41 47 54 60
14/09/1997 0080  23 28 37 40 48 51
07/09/1997 0079  02 13 17 25 31 43
31/08/1997 0078  12 22 25 31 32 46
24/08/1997 0077  21 29 40 49 54 57
17/08/1997 0076  08 17 18 23 33 53
10/08/1997 0075  21 24 35 36 37 49
03/08/1997 0074  02 24 34 37 38 50
27/07/1997 0073  25 26 28 45 51 57
20/07/1997 0072  01 19 34 43 44 48
13/07/1997 0071  16 27 33 43 45 53
06/07/1997 0070  17 23 27 40 43 58
29/06/1997 0069  25 34 45 53 56 58
22/06/1997 0068  01 03 12 13 53 59
15/06/1997 0067  12 14 17 27 47 52
08/06/1997 0066  12 13 15 26 33 48
01/06/1997 0065  01 05 20 25 32 34
25/05/1997 0064  08 12 23 50 54 60
18/05/1997 0063  09 25 26 40 41 49
11/05/1997 0062  06 08 13 24 31 52
04/05/1997 0061  08 18 29 42 44 59
27/04/1997 0060  03 14 15 20 21 38
20/04/1997 0059  02 08 13 28 34 54
13/04/1997 0058  12 27 30 37 44 49
06/04/1997 0057  07 16 17 27 34 59
30/03/1997 0056  02 07 20 35 51 59
23/03/1997 0055  02 14 23 29 38 52
16/03/1997 0054  05 09 18 21 36 56
09/03/1997 0053  03 13 16 38 42 46
02/03/1997 0052  15 30 38 46 58 59
23/02/1997 0051  17 23 24 25 42 47
16/02/1997 0050  06 16 21 44 57 58
09/02/1997 0049  07 13 33 35 43 55
02/02/1997 0048  02 05 28 34 47 50
26/01/1997 0047  03 17 25 35 48 56
19/01/1997 0046  01 23 24 32 46 60
12/01/1997 0045  07 30 37 44 53 55
05/01/1997 0044  14 18 29 38 44 47
29/12/1996 0043  02 06 17 25 26 58
22/12/1996 0042  07 11 19 24 33 36
15/12/1996 0041  12 26 35 38 39 47
08/12/1996 0040  03 05 08 12 46 47
01/12/1996 0039  12 16 37 45 52 56
24/11/1996 0038  10 42 43 45 54 55
17/11/1996 0037  06 07 22 38 52 60
10/11/1996 0036  03 13 17 25 29 51
03/11/1996 0035  04 16 21 23 54 57
27/10/1996 0034  13 15 17 40 53 57
20/10/1996 0033  05 17 33 39 42 49
13/10/1996 0032  05 14 33 36 43 44
06/10/1996 0031  17 19 28 45 48 56
29/09/1996 0030  07 14 15 29 38 50
22/09/1996 0029  03 08 14 43 56 58
15/09/1996 0028  03 06 22 24 54 60
08/09/1996 0027  13 17 20 33 44 51
01/09/1996 0026  10 22 50 53 57 58
25/08/1996 0025  24 43 50 54 55 56
19/08/1996 0024  01 08 14 28 33 43
12/08/1996 0023  17 37 39 51 52 59
05/08/1996 0022  01 09 31 38 46 56
29/07/1996 0021  06 33 36 46 49 53
22/07/1996 0020  11 25 28 30 33 51
15/07/1996 0019  05 10 12 24 25 60
08/07/1996 0018  23 27 36 37 42 56
01/07/1996 0017  06 10 13 19 20 51
24/06/1996 0016  20 32 34 49 58 60
17/06/1996 0015  12 33 35 51 52 60
10/06/1996 0014  02 16 23 27 47 53
03/06/1996 0013  18 32 47 50 54 56
27/05/1996 0012  04 16 19 20 27 43
20/05/1996 0011  15 25 37 38 58 59
13/05/1996 0010  04 18 21 25 38 57
06/05/1996 0009  08 43 54 55 56 60
29/04/1996 0008  04 17 37 38 47 53
22/04/1996 0007  03 05 20 21 38 56
15/04/1996 0006  07 13 19 22 40 47
08/04/1996 0005  01 02 06 16 19 46
01/04/1996 0004  01 05 06 27 42 59
25/03/1996 0003  10 11 29 30 36 47
18/03/1996 0002  09 37 39 41 43 49
11/03/1996 0001  04 05 30 33 41 52
